[28 -64 1 0 0 0 0 0 0 0 0 0 9 -23 9 -22 10 -23 11 -24 11 -22 12 -20 12 -21 12 -19 12 -20 11 -19 13 -21 12 -22 14 -20 12 -20 12 -18 14 -20 13 -19 10 -18 11 -17 12 -17 11 -16 11 -18 9 -16 11 -17 11 -19 12 -17 0 0 9 -18 11 -19 10 -20 7 -19 7 -18 8 -19 8 -19 7 -18 6 -20 8 -17 8 -20 6 -18 5 -20 7 -19 7 -19 8 -21 6 -21 5 -20 6 -20 4 -20 5 -20 4 -20 4 -20 4 -22 3 -20 3 -21 0 0 0 0 0 0 0 0 0 0 ],0,1,1
[-99 -48 9 0 0 0 0 0 0 0 0 0 15 18 14 18 15 19 15 20 13 19 11 19 12 20 10 19 11 20 10 18 10 22 11 21 9 22 10 20 9 19 10 21 9 19 10 17 8 18 8 18 8 17 9 18 8 15 8 18 10 18 8 18 0 0 10 17 10 18 12 17 13 15 10 15 11 16 12 15 10 14 13 14 10 15 12 17 11 14 13 14 12 15 13 15 14 16 15 15 13 14 13 15 14 13 13 14 15 13 14 13 15 14 15 12 15 13 0 0 0 0 0 0 0 0 0 0 ],0,1,1
[-121 112 8 0 0 0 0 0 0 0 0 0 -1 19 -1 19 -1 20 -2 21 -3 19 -4 18 -4 19 -4 17 -4 18 -4 17 -5 19 -5 19 -6 18 -5 18 -5 16 -5 19 -5 17 -3 15 -5 16 -5 15 -5 15 -4 16 -4 13 -5 16 -4 17 -5 15 0 0 -3 16 -3 16 -3 17 -1 16 -2 15 -2 15 -2 15 -2 14 0 16 -2 14 -2 17 -1 14 0 16 -1 15 -1 16 -1 17 0 17 0 16 0 16 1 15 0 16 1 16 1 15 1 17 2 15 2 16 0 0 0 0 0 0 0 0 0 0 ],0,1,1
[-121 112 8 0 0 0 0 0 0 0 0 0 19 14 18 15 19 15 20 17 17 16 15 17 16 17 14 16 15 17 14 15 15 18 16 18 14 19 14 17 13 17 14 18 13 18 12 15 12 16 11 16 11 15 12 16 11 13 12 16 14 16 12 16 0 0 13 14 13 16 15 16 15 13 13 13 13 14 14 13 13 13 15 12 12 13 15 14 13 12 16 12 14 13 14 13 16 14 16 13 16 12 15 12 16 11 16 12 16 11 15 11 17 12 17 10 17 10 0 0 0 0 0 0 0 0 0 0 ],0,1,1
[-122 -31 23 0 0 0 0 0 0 0 0 0 -6 17 -7 18 -7 17 -8 17 -8 16 -9 16 -9 16 -9 16 -10 15 -8 14 -9 16 -10 15 -10 15 -10 14 -10 14 -11 14 -10 14 -9 13 -10 13 -10 12 -10 12 -9 12 -9 12 -9 12 -9 13 -9 13 0 0 -9 13 -9 12 -9 13 -8 12 -8 12 -8 13 -8 13 -7 12 -8 13 -6 13 -6 14 -6 13 -6 14 -6 14 -6 13 -6 14 -5 14 -5 14 -5 15 -4 14 -5 15 -5 14 -4 14 -3 15 -4 15 -3 15 0 0 0 0 0 0 0 0 0 0 ],0,1,1
[-122 -31 23 0 0 0 0 0 0 0 0 0 6 14 6 14 6 15 6 15 5 14 5 15 4 15 4 15 3 15 4 14 3 15 2 15 3 15 2 15 2 14 1 15 1 15 1 14 2 14 2 13 2 14 2 13 2 13 2 13 2 13 2 13 0 0 2 13 2 12 2 13 3 12 2 12 3 12 3 12 4 12 4 12 4 12 4 12 4 11 4 12 5 12 5 12 5 12 6 12 6 12 6 12 6 11 6 12 6 11 6 11 7 12 7 11 7 11 0 0 0 0 0 0 0 0 0 0 ],0,1,1
[82 -96 4 0 0 0 0 0 0 0 0 0 -11 -15 -10 -16 -10 -16 -10 -17 -9 -17 -8 -17 -8 -17 -8 -17 -7 -17 -7 -17 -7 -17 -7 -17 -7 -17 -6 -17 -6 -17 -6 -17 -6 -16 -6 -16 -6 -16 -6 -15 -6 -16 -6 -16 -6 -15 -6 -15 -6 -16 -6 -15 0 0 -6 -15 -6 -14 -7 -14 -7 -14 -6 -14 -7 -14 -7 -14 -7 -13 -8 -14 -8 -13 -9 -13 -9 -13 -9 -12 -9 -13 -9 -13 -10 -13 -10 -12 -10 -12 -11 -12 -11 -12 -11 -12 -11 -12 -11 -12 -12 -12 -11 -12 -12 -12 0 0 0 0 0 0 0 0 0 0 ],0,1,1
[82 -96 4 0 0 0 0 0 0 0 0 0 -11 -13 -11 -13 -11 -13 -10 -14 -10 -14 -9 -14 -9 -14 -9 -14 -9 -14 -8 -14 -7 -15 -7 -15 -7 -15 -7 -15 -7 -14 -7 -15 -7 -14 -6 -14 -7 -14 -7 -13 -6 -13 -6 -14 -6 -13 -6 -14 -6 -14 -6 -14 0 0 -7 -13 -7 -12 -7 -13 -7 -12 -7 -12 -8 -12 -8 -12 -8 -11 -8 -12 -8 -11 -8 -12 -8 -11 -8 -11 -9 -11 -9 -10 -10 -11 -9 -11 -10 -11 -11 -10 -11 -10 -10 -10 -10 -10 -10 -10 -10 -10 -10 -11 -11 -10 0 0 0 0 0 0 0 0 0 0 ],0,1,1
[82 -96 4 0 0 0 0 0 0 0 0 0 6 15 6 15 5 15 5 16 4 15 4 16 3 15 2 15 2 15 2 15 2 16 2 16 1 15 1 15 1 15 1 15 1 15 1 14 0 14 0 14 0 14 0 14 0 13 1 13 0 14 1 14 0 0 1 14 1 13 1 13 1 13 1 13 1 12 1 13 1 12 2 13 3 12 3 13 3 12 3 12 4 12 3 12 4 13 4 12 4 13 4 13 4 12 4 13 4 13 5 12 6 12 5 12 6 13 0 0 0 0 0 0 0 0 0 0 ],0,1,1
[82 -96 4 0 0 0 0 0 0 0 0 0 16 4 18 5 16 5 17 6 16 6 16 7 16 8 15 8 16 8 14 7 15 8 15 8 15 8 15 9 15 9 13 9 14 10 12 8 13 9 12 9 13 9 13 9 11 8 12 8 13 8 13 8 0 0 13 8 12 7 13 8 12 6 12 7 12 7 12 7 12 6 13 7 12 5 13 5 13 5 13 5 14 6 12 5 15 5 13 5 15 4 14 5 14 4 14 5 14 4 13 3 15 3 15 4 15 4 0 0 0 0 0 0 0 0 0 0 ],0,1,1
[82 -96 4 0 0 0 0 0 0 0 0 0 16 1 16 2 15 2 16 3 16 3 15 3 15 4 15 4 15 4 14 5 15 5 15 5 14 5 14 5 14 5 14 6 14 5 13 5 13 5 13 5 13 5 12 5 12 5 12 5 12 5 13 5 0 0 13 4 12 4 13 4 12 3 12 4 12 4 12 3 12 3 12 3 12 2 13 2 12 2 13 2 13 2 12 1 14 1 13 1 13 0 13 0 13 0 13 0 13 1 13 0 13 -1 13 0 14 -1 0 0 0 0 0 0 0 0 0 0 ],0,1,1
[82 -96 4 0 0 0 0 0 0 0 0 0 -14 8 -15 8 -15 7 -16 7 -15 6 -16 6 -16 5 -16 5 -16 4 -15 4 -16 4 -16 4 -16 4 -16 3 -16 3 -16 3 -16 3 -15 3 -15 2 -14 2 -14 2 -14 2 -14 2 -14 2 -15 2 -15 3 0 0 -14 3 -14 3 -14 3 -13 3 -14 3 -13 3 -13 3 -13 4 -14 3 -13 4 -13 5 -12 4 -13 4 -13 5 -13 5 -13 5 -13 5 -13 6 -13 6 -13 6 -13 6 -13 6 -12 6 -13 7 -13 7 -13 7 0 0 0 0 0 0 0 0 0 0 ],0,1,1
[37 80 2 0 0 0 0 0 0 0 0 0 -18 16 -19 15 -19 16 -21 17 -19 14 -20 13 -21 13 -19 11 -20 12 -18 11 -22 12 -21 13 -22 11 -20 12 -19 10 -21 11 -20 10 -17 10 -19 10 -19 9 -18 9 -18 10 -15 9 -19 10 -19 11 -19 9 0 0 -17 11 -18 11 -18 13 -16 13 -16 12 -17 12 -16 12 -15 11 -15 14 -15 11 -17 13 -14 12 -14 14 -15 13 -15 13 -17 15 -15 15 -14 14 -15 14 -14 14 -14 14 -14 15 -13 14 -14 16 -12 16 -13 16 0 0 0 0 0 0 0 0 0 0 ],0,1,1
[37 80 2 0 0 0 0 0 0 0 0 0 -25 3 -25 2 -25 2 -28 1 -25 0 -24 -2 -25 -2 -23 -2 -24 -3 -22 -2 -25 -3 -25 -2 -24 -4 -24 -2 -22 -3 -24 -4 -23 -4 -20 -2 -21 -4 -21 -4 -20 -4 -21 -4 -18 -2 -21 -3 -22 -2 -21 -4 0 0 -21 -1 -22 -2 -23 -1 -21 1 -20 0 -21 -1 -20 0 -19 -1 -21 2 -19 -1 -22 0 -19 1 -21 3 -20 1 -20 0 -23 1 -22 2 -20 2 -21 2 -20 3 -21 2 -21 3 -20 3 -22 4 -20 5 -21 5 0 0 0 0 0 0 0 0 0 0 ],0,1,1
[84 -64 4 0 0 0 0 0 0 0 0 0 -14 12 -14 12 -14 11 -16 11 -15 10 -15 11 -16 10 -16 10 -16 9 -15 9 -16 9 -16 8 -16 8 -16 7 -16 8 -17 7 -16 7 -15 7 -15 7 -14 6 -15 7 -15 6 -14 7 -14 6 -14 7 -15 7 0 0 -14 7 -14 7 -14 7 -13 8 -13 7 -13 7 -13 8 -12 8 -13 8 -12 9 -12 9 -12 9 -12 9 -12 10 -12 9 -12 10 -11 10 -12 10 -11 11 -11 11 -11 11 -11 11 -11 10 -11 11 -11 11 -11 12 0 0 0 0 0 0 0 0 0 0 ],0,1,1
[84 -64 4 0 0 0 0 0 0 0 0 0 -16 4 -17 4 -16 3 -18 3 -16 2 -17 2 -16 1 -17 1 -17 1 -16 1 -17 1 -17 1 -16 0 -16 0 -16 -1 -16 -1 -16 -1 -15 -1 -15 0 -15 -1 -15 -1 -14 -1 -14 0 -14 0 -15 0 -15 0 0 0 -15 0 -14 1 -15 1 -13 1 -14 1 -13 1 -14 1 -14 1 -14 2 -13 3 -14 3 -13 2 -13 3 -14 3 -13 3 -14 4 -13 4 -14 4 -14 4 -13 5 -14 4 -13 4 -13 5 -13 6 -13 6 -14 6 0 0 0 0 0 0 0 0 0 0 ],0,1,1
[84 -64 4 0 0 0 0 0 0 0 0 0 8 13 7 14 7 15 7 15 7 14 6 14 6 15 5 14 5 14 4 14 4 15 4 15 4 15 3 15 3 14 3 15 3 14 3 14 3 14 3 13 3 13 3 13 3 13 3 13 3 13 3 13 0 0 4 13 4 12 4 13 4 12 4 12 4 12 5 12 4 11 5 12 5 12 6 12 5 11 5 11 6 11 6 11 7 11 6 11 7 11 7 11 8 11 7 11 7 11 8 11 8 11 8 10 8 10 0 0 0 0 0 0 0 0 0 0 ],0,1,1
[84 -64 4 0 0 0 0 0 0 0 0 0 13 12 13 12 12 12 12 14 11 13 11 14 11 14 10 14 10 14 10 13 10 15 10 15 9 14 9 14 9 14 8 15 8 15 7 14 8 14 8 13 8 13 8 13 8 13 7 13 8 13 8 13 0 0 8 12 8 12 8 12 8 12 8 12 9 11 9 12 9 11 9 11 9 10 10 11 9 10 9 10 10 10 10 10 11 10 11 10 12 9 11 10 12 9 12 10 12 9 11 9 12 8 12 9 12 9 0 0 0 0 0 0 0 0 0 0 ],0,1,1
[84 -64 4 0 0 0 0 0 0 0 0 0 16 0 16 1 16 1 16 2 16 2 15 3 16 3 15 4 15 3 14 4 15 5 15 5 15 5 14 5 14 5 14 5 14 5 13 5 13 5 13 5 13 5 13 5 12 4 13 5 12 5 13 4 0 0 13 4 12 4 13 4 13 3 12 3 13 3 12 3 12 2 13 2 13 2 13 2 12 2 13 1 13 1 13 1 13 0 13 1 13 0 13 0 13 -1 13 0 13 0 13 0 14 -1 13 -1 13 -1 0 0 0 0 0 0 0 0 0 0 ],0,1,1
[84 -64 4 0 0 0 0 0 0 0 0 0 -10 14 -12 15 -11 14 -13 15 -12 13 -14 14 -13 13 -13 12 -13 12 -13 11 -14 12 -15 12 -14 11 -14 11 -14 10 -14 10 -15 10 -13 9 -14 10 -13 9 -13 9 -13 9 -12 9 -13 9 -13 9 -13 10 0 0 -13 10 -12 9 -12 10 -11 9 -12 9 -11 10 -11 10 -11 10 -11 10 -10 11 -11 11 -10 10 -10 11 -10 12 -10 11 -11 12 -9 11 -9 13 -10 13 -9 13 -9 13 -9 12 -8 12 -8 13 -8 13 -9 13 0 0 0 0 0 0 0 0 0 0 ],0,1,1
[84 -64 4 0 0 0 0 0 0 0 0 0 6 -18 6 -18 7 -17 8 -17 8 -17 8 -17 9 -16 9 -16 9 -16 9 -15 10 -16 10 -16 10 -15 10 -15 10 -14 11 -14 10 -14 10 -13 10 -13 10 -13 10 -13 10 -13 9 -13 9 -13 9 -13 9 -13 0 0 9 -13 8 -13 9 -13 8 -13 8 -12 8 -13 8 -13 7 -13 7 -14 6 -14 6 -14 6 -13 6 -14 6 -14 6 -14 6 -15 5 -14 5 -15 5 -15 5 -15 5 -16 5 -15 4 -15 3 -16 4 -16 4 -16 0 0 0 0 0 0 0 0 0 0 ],0,1,1
[84 -64 4 0 0 0 0 0 0 0 0 0 16 -3 16 -2 16 -2 16 -1 16 -1 16 0 16 0 15 0 16 0 15 1 16 1 16 2 15 2 15 2 14 2 15 2 15 2 14 2 14 2 14 2 13 2 13 2 13 2 13 2 13 2 14 1 0 0 13 1 13 1 13 1 13 0 12 1 13 0 13 0 12 0 13 -1 13 -1 13 -1 12 -1 13 -1 13 -2 13 -2 13 -3 13 -2 13 -3 13 -3 13 -4 13 -3 13 -3 13 -3 13 -4 13 -4 13 -4 0 0 0 0 0 0 0 0 0 0 ],0,1,1
[84 -64 4 0 0 0 0 0 0 0 0 0 -16 -5 -16 -5 -16 -6 -16 -6 -15 -7 -16 -7 -15 -7 -15 -7 -15 -8 -14 -8 -15 -8 -15 -9 -14 -9 -14 -9 -13 -9 -13 -9 -13 -9 -13 -8 -13 -8 -12 -8 -12 -8 -12 -9 -12 -8 -12 -8 -12 -8 -13 -8 0 0 -13 -8 -12 -7 -12 -8 -12 -7 -12 -7 -12 -7 -12 -7 -12 -6 -13 -6 -12 -5 -13 -5 -12 -5 -12 -5 -13 -5 -13 -5 -14 -5 -13 -5 -14 -4 -14 -4 -14 -3 -14 -4 -14 -4 -14 -4 -14 -3 -14 -3 -14 -3 0 0 0 0 0 0 0 0 0 0 ],0,1,1
[84 -64 4 0 0 0 0 0 0 0 0 0 9 -16 9 -17 9 -15 11 -16 10 -14 11 -16 12 -14 11 -14 12 -14 11 -13 13 -14 12 -13 12 -12 12 -12 12 -12 13 -12 13 -12 12 -11 12 -12 11 -11 12 -11 11 -11 11 -10 11 -10 11 -11 11 -12 0 0 11 -12 10 -11 11 -11 10 -11 10 -11 9 -12 10 -11 9 -11 9 -12 8 -12 8 -13 8 -12 8 -12 8 -13 8 -12 8 -14 7 -13 7 -14 7 -14 7 -14 7 -14 6 -14 6 -14 6 -14 6 -14 7 -15 0 0 0 0 0 0 0 0 0 0 ],0,1,1
[84 -64 4 0 0 0 0 0 0 0 0 0 -13 -10 -13 -11 -13 -11 -13 -12 -12 -12 -12 -13 -11 -13 -11 -13 -11 -13 -10 -12 -10 -13 -10 -13 -10 -14 -9 -13 -9 -13 -9 -13 -9 -13 -9 -12 -9 -13 -9 -12 -8 -12 -9 -12 -8 -12 -8 -12 -9 -12 -9 -12 0 0 -9 -11 -9 -11 -9 -11 -9 -10 -9 -10 -9 -10 -9 -10 -10 -10 -10 -10 -10 -9 -11 -9 -10 -9 -11 -9 -11 -9 -11 -9 -12 -9 -11 -8 -12 -8 -12 -8 -12 -8 -12 -8 -13 -8 -12 -7 -13 -7 -13 -7 -13 -7 0 0 0 0 0 0 0 0 0 0 ],0,1,1
[84 -64 4 0 0 0 0 0 0 0 0 0 6 -18 6 -18 7 -18 7 -17 7 -17 8 -17 8 -17 9 -16 9 -16 9 -15 10 -16 10 -16 10 -15 10 -15 9 -14 10 -15 10 -14 9 -13 9 -13 9 -13 9 -13 9 -13 9 -13 9 -13 9 -13 9 -13 0 0 9 -13 8 -13 8 -13 8 -14 8 -13 8 -13 7 -13 7 -13 7 -14 6 -14 6 -14 6 -13 6 -13 6 -14 5 -14 6 -15 6 -14 5 -15 5 -15 4 -15 5 -15 4 -15 5 -15 4 -15 4 -15 4 -16 0 0 0 0 0 0 0 0 0 0 ],0,1,1
[84 -64 4 0 0 0 0 0 0 0 0 0 6 -17 7 -19 7 -17 8 -17 7 -16 9 -17 9 -16 9 -16 9 -16 9 -15 10 -16 10 -15 10 -15 10 -14 10 -14 10 -14 10 -14 10 -13 10 -13 9 -13 10 -13 9 -13 9 -12 9 -12 10 -12 9 -13 0 0 9 -13 8 -12 9 -13 8 -13 8 -13 7 -13 8 -13 7 -13 7 -14 6 -14 6 -14 6 -13 6 -14 6 -14 6 -14 6 -15 5 -14 5 -16 5 -15 4 -15 5 -15 4 -15 4 -15 4 -15 4 -16 4 -15 0 0 0 0 0 0 0 0 0 0 ],0,1,1
[84 -64 4 0 0 0 0 0 0 0 0 0 -14 12 -15 12 -15 11 -16 11 -15 10 -16 10 -15 10 -15 9 -16 9 -15 8 -17 9 -17 9 -16 8 -16 7 -16 7 -16 7 -16 7 -15 7 -15 7 -15 6 -15 6 -15 6 -14 6 -14 6 -15 6 -14 7 0 0 -14 7 -13 7 -14 7 -13 8 -13 7 -13 8 -13 8 -12 8 -13 9 -12 9 -12 9 -12 9 -12 9 -12 10 -11 10 -12 10 -11 10 -11 11 -11 11 -10 11 -11 11 -11 11 -10 11 -10 12 -10 12 -10 12 0 0 0 0 0 0 0 0 0 0 ],0,1,1
[84 -64 4 0 0 0 0 0 0 0 0 0 -19 -2 -19 -2 -19 -3 -20 -4 -18 -4 -19 -4 -18 -5 -18 -5 -18 -5 -17 -6 -17 -6 -18 -7 -17 -7 -17 -7 -17 -7 -17 -7 -16 -7 -15 -6 -16 -7 -15 -6 -15 -7 -15 -7 -15 -7 -15 -7 -15 -7 -15 -6 0 0 -15 -6 -15 -5 -15 -5 -15 -4 -15 -5 -15 -4 -15 -4 -15 -4 -15 -3 -15 -3 -16 -3 -15 -3 -15 -3 -15 -2 -15 -2 -16 -1 -16 -2 -16 -1 -16 -1 -16 -1 -16 -1 -16 0 -15 -1 -16 0 -16 -1 -17 0 0 0 0 0 0 0 0 0 0 0 ],0,1,1
[84 -64 4 0 0 0 0 0 0 0 0 0 14 -13 15 -13 15 -11 16 -12 15 -10 16 -11 16 -10 16 -10 16 -10 15 -8 17 -9 17 -9 17 -8 16 -7 17 -8 17 -7 17 -7 15 -6 16 -7 15 -7 15 -6 15 -6 15 -7 15 -6 15 -6 15 -8 0 0 15 -7 14 -7 15 -7 13 -8 14 -7 14 -8 14 -8 13 -8 14 -8 12 -9 13 -9 13 -8 13 -9 13 -10 12 -9 14 -11 12 -10 13 -11 13 -11 12 -12 13 -11 12 -11 12 -11 12 -12 12 -12 12 -12 0 0 0 0 0 0 0 0 0 0 ],0,1,1
[84 -64 4 0 0 0 0 0 0 0 0 0 16 -7 17 -7 17 -6 18 -5 17 -5 18 -5 18 -4 17 -4 17 -4 16 -3 18 -3 17 -3 17 -2 17 -2 16 -2 17 -2 17 -2 16 -2 16 -2 16 -2 15 -2 15 -2 15 -2 15 -2 15 -2 15 -3 0 0 15 -3 14 -3 15 -3 14 -4 14 -3 14 -4 14 -4 13 -4 14 -5 13 -5 14 -6 13 -5 13 -5 14 -6 14 -6 14 -7 13 -6 13 -7 14 -7 13 -8 13 -8 13 -8 13 -8 13 -9 13 -9 13 -9 0 0 0 0 0 0 0 0 0 0 ],0,1,1
[84 -64 4 0 0 0 0 0 0 0 0 0 7 -17 8 -17 8 -17 10 -17 9 -15 10 -16 10 -15 11 -15 11 -15 10 -14 11 -14 11 -15 11 -13 11 -13 11 -12 12 -13 12 -12 11 -12 11 -12 11 -12 11 -11 11 -12 11 -11 11 -11 11 -12 11 -12 0 0 10 -12 9 -11 10 -12 9 -12 9 -11 9 -12 9 -12 8 -12 9 -13 8 -13 8 -13 8 -12 8 -13 8 -13 8 -13 7 -14 7 -13 7 -14 7 -14 7 -14 7 -14 6 -14 6 -14 6 -15 6 -15 6 -15 0 0 0 0 0 0 0 0 0 0 ],0,1,1
[84 -64 4 0 0 0 0 0 0 0 0 0 15 1 16 2 15 2 16 3 15 3 15 4 15 4 15 4 15 4 14 5 15 5 14 5 14 5 14 6 13 6 14 6 14 6 13 5 13 5 12 5 12 5 13 5 12 5 12 5 12 6 13 5 0 0 13 4 12 4 13 4 12 3 12 3 12 3 12 3 12 2 13 2 12 1 13 2 12 2 12 2 13 1 13 1 13 0 13 1 14 0 13 0 13 -1 14 0 13 0 13 0 14 -1 14 -1 14 -1 0 0 0 0 0 0 0 0 0 0 ],0,1,1
[84 -64 4 0 0 0 0 0 0 0 0 0 -14 8 -16 7 -15 6 -17 6 -15 5 -16 5 -16 5 -16 4 -16 4 -15 4 -16 4 -16 4 -16 3 -16 3 -16 3 -16 3 -16 3 -15 2 -15 2 -14 2 -14 2 -14 2 -14 2 -14 2 -14 2 -14 3 0 0 -14 3 -13 2 -14 3 -13 3 -13 3 -13 3 -13 3 -13 3 -13 4 -12 4 -13 5 -12 4 -12 5 -13 5 -12 5 -13 6 -12 5 -13 6 -13 6 -13 6 -13 6 -12 6 -12 6 -12 7 -12 7 -12 7 0 0 0 0 0 0 0 0 0 0 ],0,1,1
[84 -64 4 0 0 0 0 0 0 0 0 0 -15 -12 -15 -12 -14 -12 -15 -14 -13 -13 -14 -14 -13 -14 -13 -14 -12 -14 -12 -13 -12 -15 -12 -15 -12 -15 -11 -15 -11 -15 -11 -15 -11 -15 -9 -13 -10 -14 -10 -14 -10 -13 -10 -14 -9 -13 -10 -13 -10 -13 -10 -13 0 0 -10 -13 -10 -12 -11 -13 -11 -11 -10 -12 -11 -11 -11 -12 -11 -11 -11 -11 -11 -10 -12 -10 -11 -10 -12 -10 -13 -10 -12 -10 -13 -10 -12 -9 -13 -9 -13 -9 -14 -9 -13 -9 -13 -9 -13 -8 -14 -8 -14 -9 -15 -9 0 0 0 0 0 0 0 0 0 0 ],0,1,1
[84 -64 4 0 0 0 0 0 0 0 0 0 -2 -18 -1 -19 -1 -18 0 -19 0 -18 1 -19 1 -19 2 -18 2 -18 2 -17 3 -18 3 -19 3 -18 3 -17 3 -17 4 -18 3 -17 3 -16 3 -17 3 -16 3 -16 3 -16 3 -16 3 -15 3 -16 3 -16 0 0 3 -16 2 -15 2 -16 1 -15 2 -15 1 -16 1 -15 1 -15 1 -16 0 -15 0 -16 0 -15 0 -15 -1 -16 -1 -15 -1 -16 -1 -16 -2 -16 -2 -16 -2 -16 -2 -16 -2 -15 -2 -16 -3 -16 -3 -16 -3 -16 0 0 0 0 0 0 0 0 0 0 ],0,1,1
[84 -64 4 0 0 0 0 0 0 0 0 0 -15 10 -15 10 -16 10 -16 9 -16 9 -17 8 -17 8 -17 8 -17 8 -16 7 -17 7 -17 7 -17 6 -17 6 -16 5 -17 5 -17 5 -16 5 -16 5 -15 5 -15 5 -15 5 -15 5 -15 4 -15 5 -15 5 0 0 -15 5 -14 6 -15 6 -14 6 -14 5 -14 6 -14 6 -13 6 -14 7 -13 7 -14 8 -13 7 -13 7 -13 8 -13 8 -13 9 -13 8 -13 9 -13 9 -12 10 -13 10 -12 9 -12 9 -12 10 -12 10 -12 10 0 0 0 0 0 0 0 0 0 0 ],0,1,1
[84 -64 4 0 0 0 0 0 0 0 0 0 -16 -2 -17 -3 -17 -3 -17 -4 -16 -4 -16 -4 -16 -4 -16 -5 -16 -5 -15 -5 -16 -6 -16 -6 -15 -6 -15 -6 -14 -6 -15 -7 -14 -6 -14 -6 -14 -6 -13 -6 -13 -6 -13 -6 -13 -6 -13 -6 -13 -6 -14 -6 0 0 -14 -5 -13 -5 -14 -5 -13 -4 -13 -5 -13 -5 -13 -5 -13 -4 -13 -4 -13 -3 -14 -3 -13 -3 -14 -3 -14 -2 -14 -3 -14 -2 -13 -2 -14 -2 -14 -2 -14 -1 -14 -2 -14 -2 -14 -1 -14 0 -14 -1 -15 0 0 0 0 0 0 0 0 0 0 0 ],0,1,1
[84 -64 4 0 0 0 0 0 0 0 0 0 -8 -15 -8 -15 -8 -15 -7 -16 -7 -15 -6 -16 -6 -16 -5 -16 -5 -16 -5 -15 -5 -16 -5 -16 -5 -16 -4 -16 -4 -15 -3 -16 -4 -15 -4 -15 -3 -15 -3 -14 -3 -15 -3 -15 -3 -14 -4 -14 -4 -14 -4 -14 0 0 -4 -14 -4 -13 -4 -14 -5 -13 -4 -13 -5 -13 -5 -13 -5 -13 -6 -13 -6 -12 -7 -13 -6 -12 -7 -12 -7 -13 -7 -12 -7 -13 -7 -12 -8 -12 -8 -12 -8 -12 -8 -12 -8 -12 -8 -12 -9 -12 -9 -12 -9 -12 0 0 0 0 0 0 0 0 0 0 ],0,1,1
[84 -64 4 0 0 0 0 0 0 0 0 0 10 -15 10 -16 10 -14 12 -15 11 -14 12 -15 12 -14 12 -13 13 -13 12 -12 13 -13 13 -13 13 -12 13 -12 13 -11 13 -11 13 -11 12 -10 13 -11 12 -10 12 -10 12 -10 12 -10 11 -10 12 -10 12 -11 0 0 11 -11 11 -10 11 -11 11 -11 11 -10 10 -11 10 -11 9 -11 10 -11 9 -12 9 -12 9 -11 9 -12 9 -13 9 -12 9 -13 9 -12 8 -14 8 -13 8 -14 8 -14 8 -13 8 -13 7 -14 8 -14 8 -14 0 0 0 0 0 0 0 0 0 0 ],0,1,1
[84 -64 4 0 0 0 0 0 0 0 0 0 0 -19 0 -19 1 -18 2 -19 2 -18 3 -19 3 -19 3 -18 3 -18 4 -17 4 -18 5 -18 5 -17 5 -17 5 -17 5 -17 5 -17 5 -16 5 -16 5 -16 5 -15 5 -15 5 -15 4 -15 5 -15 4 -16 0 0 4 -16 3 -15 4 -15 3 -15 3 -15 3 -15 3 -15 2 -15 2 -15 1 -15 1 -16 1 -15 1 -15 1 -15 1 -15 0 -16 0 -15 0 -16 0 -17 -1 -16 0 -16 -1 -16 -1 -16 -2 -16 -1 -16 -1 -17 0 0 0 0 0 0 0 0 0 0 ],0,1,1
[84 -64 4 0 0 0 0 0 0 0 0 0 6 -17 6 -18 7 -17 8 -18 8 -16 8 -17 9 -16 9 -16 9 -16 8 -15 10 -16 10 -16 10 -15 10 -15 9 -14 10 -14 10 -14 9 -13 9 -14 9 -14 9 -13 9 -13 8 -13 9 -13 9 -13 9 -14 0 0 8 -14 8 -13 8 -14 7 -14 7 -13 7 -13 7 -14 6 -14 6 -14 5 -14 5 -15 5 -14 5 -14 5 -15 5 -14 4 -16 4 -15 4 -16 4 -16 3 -16 4 -16 3 -15 3 -15 3 -16 3 -16 3 -16 0 0 0 0 0 0 0 0 0 0 ],0,1,1
[84 -64 4 0 0 0 0 0 0 0 0 0 -14 -9 -14 -9 -14 -10 -14 -10 -13 -11 -13 -11 -13 -11 -12 -11 -12 -11 -12 -12 -11 -12 -11 -13 -11 -12 -10 -12 -10 -12 -11 -12 -10 -12 -10 -11 -10 -11 -10 -11 -10 -11 -10 -11 -9 -11 -9 -11 -10 -11 -10 -11 0 0 -10 -10 -10 -10 -10 -10 -11 -10 -10 -9 -10 -9 -11 -9 -11 -9 -11 -9 -11 -8 -11 -9 -11 -8 -11 -8 -11 -8 -12 -8 -12 -8 -12 -8 -12 -7 -13 -7 -13 -7 -13 -7 -13 -7 -13 -7 -13 -7 -13 -7 -13 -7 0 0 0 0 0 0 0 0 0 0 ],0,1,1
[84 -64 4 0 0 0 0 0 0 0 0 0 15 -5 16 -5 15 -3 16 -3 15 -3 16 -2 15 -2 16 -2 16 -2 15 -1 16 -1 16 -1 15 0 15 0 14 0 15 1 15 1 14 0 14 0 13 0 14 0 13 1 13 0 13 0 14 0 14 0 0 0 13 -1 13 0 13 -1 13 -1 13 0 13 -1 13 -1 12 -2 13 -1 13 -2 13 -3 12 -2 12 -3 13 -3 13 -3 13 -3 13 -3 13 -4 13 -4 13 -5 13 -4 13 -4 12 -4 13 -5 13 -5 13 -5 0 0 0 0 0 0 0 0 0 0 ],0,1,1
[84 -64 4 0 0 0 0 0 0 0 0 0 9 -14 10 -13 10 -13 11 -13 11 -13 11 -12 12 -12 11 -12 12 -11 11 -11 12 -11 12 -11 12 -10 12 -10 12 -9 12 -10 12 -9 12 -9 11 -9 11 -9 11 -8 11 -9 11 -9 11 -8 11 -9 11 -9 0 0 10 -9 10 -9 10 -9 10 -9 9 -8 10 -9 10 -9 9 -9 9 -10 8 -10 9 -10 8 -10 8 -10 8 -11 8 -11 8 -11 8 -11 8 -12 8 -12 8 -12 8 -12 8 -12 7 -12 7 -12 7 -12 7 -12 0 0 0 0 0 0 0 0 0 0 ],0,1,1
[84 -64 4 0 0 0 0 0 0 0 0 0 4 17 4 17 4 17 3 18 2 17 2 18 1 18 1 17 0 17 0 16 0 18 -1 18 -1 17 -1 17 -1 16 -1 17 -1 16 -1 16 -1 16 -1 15 -1 15 -2 15 -1 15 -1 15 -1 15 -1 15 0 0 0 15 -1 14 0 15 0 14 0 14 0 14 1 14 1 14 1 15 2 14 2 15 2 14 2 14 2 14 3 14 3 15 3 14 4 15 3 15 4 14 4 14 4 14 4 14 5 15 5 15 5 14 0 0 0 0 0 0 0 0 0 0 ],0,1,1
[84 -64 4 0 0 0 0 0 0 0 0 0 -5 17 -6 17 -6 16 -7 17 -7 16 -8 16 -8 16 -8 16 -8 16 -8 15 -8 15 -9 15 -9 15 -9 14 -9 14 -10 14 -9 14 -9 13 -9 13 -9 13 -9 13 -9 13 -8 12 -8 13 -8 13 -8 14 0 0 -8 14 -7 13 -7 14 -6 13 -6 13 -6 13 -6 13 -5 13 -6 14 -5 13 -5 14 -5 13 -4 14 -4 15 -4 14 -4 15 -3 14 -3 15 -3 15 -2 15 -3 15 -3 15 -2 14 -1 15 -2 15 -2 16 0 0 0 0 0 0 0 0 0 0 ],0,1,1
[84 -64 4 0 0 0 0 0 0 0 0 0 4 17 3 17 3 18 2 17 2 17 1 17 1 18 1 17 0 17 0 17 0 18 0 18 0 17 -1 17 -1 16 -1 18 -1 16 -1 16 -1 16 -1 15 -1 15 -1 15 -1 15 -1 15 -1 15 0 15 0 0 0 15 1 15 0 15 1 14 1 14 1 14 1 14 2 14 2 14 2 14 3 15 3 13 3 14 3 14 3 14 4 14 4 14 5 14 5 14 5 14 5 14 5 14 5 14 6 14 6 14 6 14 0 0 0 0 0 0 0 0 0 0 ],0,1,1
[84 -64 4 0 0 0 0 0 0 0 0 0 15 -3 16 -3 16 -2 16 -2 16 -1 15 -1 16 0 16 -1 16 0 15 1 15 1 15 1 15 1 15 2 14 2 15 2 14 2 14 1 13 2 14 2 13 2 13 2 13 2 13 2 13 2 13 1 0 0 13 1 13 1 13 1 13 0 12 1 13 0 12 0 12 0 13 -1 13 -1 13 -1 12 -1 13 -1 12 -1 13 -2 13 -2 13 -2 13 -2 13 -3 13 -3 13 -3 13 -3 13 -3 13 -4 13 -3 13 -3 0 0 0 0 0 0 0 0 0 0 ],0,1,1
[84 -64 4 0 0 0 0 0 0 0 0 0 16 1 17 2 16 2 17 3 15 3 16 4 15 4 15 4 15 5 14 5 15 5 15 5 15 6 14 6 14 6 14 6 14 6 13 5 13 6 13 6 13 5 13 6 12 5 12 5 13 6 13 5 0 0 13 4 12 4 13 5 12 3 12 4 13 3 13 3 12 3 13 3 13 1 13 2 12 2 13 2 14 1 13 1 14 1 13 1 14 0 14 0 14 -1 14 0 14 0 13 0 14 -1 14 -1 14 -1 0 0 0 0 0 0 0 0 0 0 ],0,1,1
[84 -64 4 0 0 0 0 0 0 0 0 0 10 -15 10 -15 11 -15 12 -14 12 -14 12 -14 13 -13 13 -13 13 -13 12 -12 13 -13 13 -13 13 -12 13 -11 13 -11 14 -11 13 -10 13 -10 13 -10 12 -10 12 -10 13 -9 12 -10 12 -10 12 -10 12 -11 0 0 11 -10 11 -10 12 -10 11 -11 10 -10 11 -11 11 -10 10 -11 11 -11 9 -12 9 -12 9 -11 9 -12 9 -12 9 -12 9 -13 9 -12 9 -13 9 -14 8 -13 9 -13 8 -13 8 -13 7 -14 8 -14 8 -14 0 0 0 0 0 0 0 0 0 0 ],0,1,1
[84 -64 4 0 0 0 0 0 0 0 0 0 1 17 0 18 0 18 -1 18 -2 18 -2 18 -2 18 -3 17 -3 17 -3 16 -4 17 -4 17 -4 17 -4 16 -4 16 -5 16 -5 16 -4 15 -4 15 -4 15 -4 15 -4 15 -4 14 -4 14 -4 15 -4 15 0 0 -3 15 -3 14 -3 15 -2 14 -3 14 -2 14 -2 14 -1 14 -1 15 -1 14 -1 15 0 14 0 14 1 15 0 14 1 16 1 15 1 15 2 15 2 15 2 15 2 15 2 15 3 15 3 15 3 15 0 0 0 0 0 0 0 0 0 0 ],0,1,1
[84 -64 4 0 0 0 0 0 0 0 0 0 0 -19 1 -19 1 -19 2 -19 2 -18 3 -19 3 -18 4 -18 4 -18 4 -17 5 -18 5 -18 5 -17 5 -17 5 -16 5 -17 5 -17 5 -15 5 -15 5 -15 5 -15 5 -15 5 -15 4 -15 5 -15 4 -16 0 0 4 -15 4 -15 3 -15 3 -15 3 -14 3 -15 3 -15 2 -15 2 -15 1 -15 1 -16 1 -15 1 -15 1 -15 1 -15 0 -16 0 -15 0 -16 0 -16 -1 -16 -1 -16 -1 -16 -1 -16 -2 -16 -2 -16 -2 -16 0 0 0 0 0 0 0 0 0 0 ],0,1,1
[84 -64 4 0 0 0 0 0 0 0 0 0 -24 21 -24 21 -25 19 -26 20 -26 18 -26 19 -27 18 -27 17 -27 17 -28 15 -29 15 -29 15 -28 14 -28 13 -28 13 -29 13 -28 13 -27 12 -27 12 -26 12 -26 12 -26 12 -25 12 -26 11 -27 11 -26 13 0 0 -26 13 -24 12 -25 13 -24 13 -24 12 -24 14 -24 14 -22 14 -24 15 -22 16 -23 16 -22 14 -22 16 -22 17 -22 16 -22 18 -21 17 -22 19 -21 19 -21 19 -21 19 -20 19 -21 19 -21 20 -21 19 -20 20 0 0 0 0 0 0 0 0 0 0 ],0,1,1
[84 -64 4 0 0 0 0 0 0 0 0 0 16 6 16 7 16 7 16 8 16 8 15 9 15 9 14 9 15 9 14 9 14 10 14 10 14 10 13 10 12 10 13 11 13 10 12 10 12 10 12 9 12 10 12 9 12 9 11 10 12 9 12 9 0 0 12 8 12 9 12 8 12 8 12 8 12 7 12 7 12 7 13 7 13 6 13 6 12 6 13 6 13 6 13 6 14 5 14 5 14 5 14 5 15 4 14 5 14 4 14 4 15 4 15 4 15 4 0 0 0 0 0 0 0 0 0 0 ],0,1,1
[84 -64 4 0 0 0 0 0 0 0 0 0 -3 -18 -2 -19 -1 -18 -1 -19 0 -18 0 -19 1 -18 1 -18 2 -18 1 -17 2 -18 2 -19 2 -18 3 -17 2 -17 3 -17 3 -17 3 -16 3 -17 3 -16 3 -16 3 -16 3 -15 2 -16 2 -16 2 -16 0 0 2 -16 1 -15 1 -16 1 -15 1 -15 1 -15 0 -15 0 -15 0 -16 -1 -15 -1 -16 -1 -15 -1 -15 -2 -16 -2 -15 -2 -16 -2 -15 -3 -16 -3 -16 -3 -16 -3 -16 -3 -15 -4 -15 -5 -16 -4 -16 -4 -16 0 0 0 0 0 0 0 0 0 0 ],0,1,1
[84 -64 4 0 0 0 0 0 0 0 0 0 7 -17 8 -17 8 -16 9 -16 9 -15 10 -16 10 -15 10 -15 10 -15 10 -14 11 -14 11 -14 11 -14 11 -13 11 -13 11 -13 11 -13 11 -12 11 -12 10 -12 10 -12 10 -12 10 -12 10 -11 10 -12 10 -13 0 0 9 -13 9 -12 9 -13 8 -13 8 -12 8 -12 8 -12 8 -12 8 -13 6 -13 7 -14 7 -13 7 -13 7 -14 6 -14 7 -15 6 -14 6 -15 6 -15 5 -15 6 -15 5 -14 5 -15 5 -15 5 -15 5 -16 0 0 0 0 0 0 0 0 0 0 ],0,1,1
[84 -64 4 0 0 0 0 0 0 0 0 0 -10 13 -10 13 -11 12 -12 12 -11 11 -12 12 -12 11 -12 11 -12 11 -12 9 -13 10 -13 10 -13 9 -13 9 -12 9 -13 9 -13 9 -12 8 -12 8 -12 8 -12 8 -12 8 -11 8 -11 8 -12 8 -12 9 0 0 -11 9 -11 8 -11 9 -10 9 -10 8 -10 9 -10 9 -9 8 -10 10 -9 9 -9 10 -9 9 -9 10 -9 10 -9 10 -9 11 -8 10 -8 11 -8 11 -8 11 -8 11 -8 11 -7 11 -7 11 -7 12 -8 12 0 0 0 0 0 0 0 0 0 0 ],0,1,1
[84 -64 4 0 0 0 0 0 0 0 0 0 11 -11 12 -12 12 -11 13 -11 12 -10 13 -10 13 -10 13 -9 13 -9 12 -8 13 -9 14 -9 13 -8 13 -7 13 -8 13 -7 14 -7 12 -6 13 -7 12 -7 12 -7 12 -7 12 -7 12 -7 12 -7 12 -8 0 0 12 -8 11 -7 12 -7 11 -8 11 -7 10 -8 11 -8 10 -8 11 -9 10 -9 10 -9 9 -9 10 -9 10 -10 9 -9 10 -10 9 -10 9 -11 9 -11 8 -11 9 -11 9 -11 8 -11 8 -12 9 -11 8 -12 0 0 0 0 0 0 0 0 0 0 ],0,1,1
[84 -64 4 0 0 0 0 0 0 0 0 0 -10 15 -11 15 -11 15 -12 15 -11 14 -12 14 -12 13 -12 14 -12 13 -12 12 -13 13 -13 13 -13 12 -13 11 -13 11 -13 11 -14 11 -12 10 -12 11 -11 10 -12 10 -12 10 -12 10 -11 10 -12 11 -12 11 0 0 -11 11 -10 11 -11 11 -10 11 -10 11 -10 11 -10 11 -9 11 -9 12 -8 12 -9 13 -8 12 -8 12 -8 13 -8 12 -8 14 -7 13 -7 14 -7 14 -6 14 -7 14 -7 14 -6 14 -6 14 -6 14 -6 15 0 0 0 0 0 0 0 0 0 0 ],0,1,1
[84 -64 4 0 0 0 0 0 0 0 0 0 11 -15 12 -14 12 -13 13 -13 12 -13 13 -13 14 -12 13 -12 14 -12 13 -11 14 -12 14 -12 14 -11 14 -10 14 -10 14 -10 14 -9 13 -9 13 -9 13 -8 13 -9 13 -9 12 -9 13 -9 13 -9 13 -10 0 0 12 -9 12 -9 12 -10 11 -10 11 -9 11 -10 11 -10 10 -10 11 -10 10 -11 10 -11 10 -11 10 -11 10 -11 10 -11 10 -12 10 -12 9 -13 10 -13 9 -13 9 -13 9 -12 9 -13 9 -13 9 -13 9 -14 0 0 0 0 0 0 0 0 0 0 ],0,1,1
[84 -64 4 0 0 0 0 0 0 0 0 0 0 18 0 18 -1 17 -2 19 -2 17 -3 18 -3 18 -3 17 -4 17 -4 16 -5 17 -5 17 -5 17 -5 16 -5 16 -5 16 -6 16 -5 15 -5 15 -5 15 -5 15 -5 15 -5 14 -5 14 -5 15 -5 15 0 0 -4 15 -4 14 -4 15 -3 14 -4 14 -3 14 -3 14 -3 14 -3 15 -2 14 -2 15 -2 14 -1 14 -1 15 -1 15 -1 16 0 14 0 15 0 15 0 15 0 15 0 15 0 14 1 15 1 15 1 16 0 0 0 0 0 0 0 0 0 0 ],0,1,1
[84 -64 4 0 0 0 0 0 0 0 0 0 -17 -6 -18 -8 -17 -8 -18 -9 -16 -9 -17 -9 -16 -10 -16 -10 -16 -10 -15 -10 -16 -11 -15 -11 -15 -11 -14 -11 -14 -11 -14 -11 -14 -11 -13 -10 -13 -11 -13 -11 -13 -11 -13 -11 -12 -10 -12 -10 -13 -10 -13 -10 0 0 -13 -9 -13 -9 -13 -9 -13 -8 -13 -9 -13 -9 -13 -9 -13 -8 -14 -8 -14 -7 -14 -7 -13 -7 -14 -7 -15 -7 -14 -7 -15 -7 -14 -6 -15 -6 -15 -6 -15 -5 -15 -6 -15 -6 -15 -5 -16 -5 -16 -5 -16 -5 0 0 0 0 0 0 0 0 0 0 ],0,1,1
[84 -64 4 0 0 0 0 0 0 0 0 0 -17 1 -17 1 -17 0 -17 0 -17 -1 -17 -1 -17 -1 -16 -2 -16 -2 -16 -3 -16 -3 -16 -3 -16 -4 -16 -4 -15 -3 -16 -3 -15 -3 -15 -3 -15 -3 -14 -3 -14 -3 -14 -4 -13 -3 -14 -3 -14 -3 -14 -3 0 0 -14 -2 -14 -2 -14 -2 -14 -1 -14 -2 -14 -2 -14 -1 -14 -1 -14 0 -13 0 -14 0 -13 0 -14 0 -14 0 -14 1 -14 1 -14 1 -14 2 -14 2 -14 2 -14 1 -14 2 -14 2 -14 3 -14 2 -15 3 0 0 0 0 0 0 0 0 0 0 ],0,1,1
[84 -64 4 0 0 0 0 0 0 0 0 0 7 16 7 17 6 16 6 17 5 16 5 17 5 17 4 16 4 17 3 16 3 17 3 17 3 17 2 16 2 16 2 17 2 17 2 16 2 16 2 15 2 16 2 15 2 15 2 15 2 15 2 15 0 0 3 15 3 14 3 15 3 14 3 14 4 13 4 14 4 13 4 14 5 13 5 14 4 13 5 13 6 13 5 13 6 14 6 13 7 13 7 14 7 13 7 13 7 13 7 13 8 13 7 13 8 13 0 0 0 0 0 0 0 0 0 0 ],0,1,1
[84 -64 4 0 0 0 0 0 0 0 0 0 -12 -12 -12 -13 -11 -13 -11 -14 -10 -13 -10 -14 -10 -14 -9 -14 -9 -14 -9 -14 -9 -15 -8 -14 -8 -15 -7 -15 -7 -14 -7 -15 -7 -15 -7 -14 -7 -14 -7 -13 -7 -13 -7 -13 -6 -13 -6 -13 -7 -13 -7 -13 0 0 -7 -13 -7 -12 -7 -13 -7 -12 -7 -12 -8 -12 -8 -12 -8 -11 -8 -12 -9 -11 -9 -12 -8 -11 -9 -11 -9 -11 -9 -11 -10 -11 -9 -11 -10 -11 -10 -11 -11 -10 -10 -11 -10 -10 -10 -10 -11 -10 -11 -11 -11 -10 0 0 0 0 0 0 0 0 0 0 ],0,1,1
[84 -64 4 0 0 0 0 0 0 0 0 0 16 6 17 7 16 7 16 8 15 8 16 8 15 9 15 9 14 9 14 9 14 10 14 10 13 11 13 11 12 10 13 11 12 11 12 10 12 10 12 10 12 10 12 10 11 10 11 10 11 10 12 9 0 0 12 9 12 9 12 9 12 8 11 8 12 8 12 8 12 7 12 7 12 7 13 7 12 7 12 6 13 6 13 6 14 6 13 6 14 6 14 5 14 5 14 5 13 5 14 5 15 5 14 5 14 5 0 0 0 0 0 0 0 0 0 0 ],0,1,1
[84 -64 4 0 0 0 0 0 0 0 0 0 14 6 14 6 14 7 14 8 14 8 13 8 13 9 13 9 12 9 12 9 12 10 12 10 11 10 11 9 10 9 12 10 10 9 10 9 10 9 11 9 10 9 10 9 10 9 10 9 10 9 10 8 0 0 10 8 11 8 10 8 11 7 10 7 10 7 10 7 10 6 11 6 11 6 11 6 11 6 11 6 11 5 12 5 12 5 13 5 12 4 12 4 12 4 13 4 12 4 13 4 13 4 13 4 13 4 0 0 0 0 0 0 0 0 0 0 ],0,1,1
[84 -64 4 0 0 0 0 0 0 0 0 0 -17 0 -17 0 -17 -1 -17 -1 -17 -2 -17 -2 -17 -2 -17 -2 -16 -2 -16 -3 -16 -3 -16 -4 -16 -4 -16 -4 -15 -4 -16 -4 -16 -4 -15 -3 -15 -4 -14 -3 -14 -3 -14 -4 -14 -3 -14 -4 -14 -4 -15 -3 0 0 -14 -3 -14 -3 -14 -3 -14 -2 -13 -2 -13 -2 -14 -2 -13 -1 -14 -1 -14 0 -14 -1 -13 -1 -14 0 -14 0 -14 0 -15 1 -14 1 -14 1 -14 1 -14 2 -14 2 -14 2 -14 1 -15 2 -14 2 -15 2 0 0 0 0 0 0 0 0 0 0 ],0,1,1
[84 -64 4 0 0 0 0 0 0 0 0 0 -17 0 -17 -1 -17 -1 -17 -2 -17 -2 -16 -2 -17 -3 -16 -4 -16 -4 -16 -4 -16 -4 -16 -4 -16 -4 -15 -4 -15 -5 -16 -5 -15 -5 -14 -5 -14 -5 -14 -5 -14 -5 -14 -5 -14 -4 -14 -4 -14 -4 -14 -4 0 0 -14 -4 -14 -4 -14 -3 -14 -3 -13 -3 -13 -3 -14 -3 -13 -3 -14 -3 -14 -2 -14 -1 -13 -1 -14 -1 -14 -1 -14 -1 -14 -1 -14 0 -14 0 -14 0 -14 0 -14 0 -14 0 -14 0 -15 1 -14 1 -14 1 0 0 0 0 0 0 0 0 0 0 ],0,1,1
[84 -64 4 0 0 0 0 0 0 0 0 0 -16 -1 -17 -1 -17 -2 -18 -3 -16 -3 -17 -4 -16 -3 -16 -4 -16 -4 -15 -5 -16 -5 -16 -5 -16 -6 -15 -6 -15 -6 -15 -6 -15 -5 -14 -5 -14 -6 -14 -6 -14 -5 -14 -6 -13 -5 -13 -6 -14 -6 -14 -6 0 0 -14 -5 -14 -4 -14 -4 -14 -4 -13 -4 -14 -4 -14 -4 -13 -4 -14 -3 -14 -3 -14 -3 -13 -3 -14 -2 -14 -2 -14 -2 -15 -2 -14 -2 -15 -1 -15 -1 -14 -1 -15 -1 -14 -1 -14 -1 -15 0 -15 -1 -15 -1 0 0 0 0 0 0 0 0 0 0 ],0,1,1
[84 -64 4 0 0 0 0 0 0 0 0 0 16 4 16 4 15 5 15 5 15 5 15 5 15 5 14 6 14 6 14 6 14 7 14 7 13 7 13 7 13 7 13 8 13 7 12 7 12 7 12 7 12 7 12 7 12 6 11 6 12 7 12 6 0 0 12 6 12 6 12 6 12 5 11 5 12 5 12 5 12 4 12 4 12 3 12 4 12 4 12 3 13 3 13 3 13 2 13 2 13 2 13 2 13 1 14 1 13 1 13 1 14 1 14 1 14 1 0 0 0 0 0 0 0 0 0 0 ],0,1,1
[84 -64 4 0 0 0 0 0 0 0 0 0 -13 -11 -13 -12 -13 -12 -13 -13 -12 -13 -12 -13 -11 -14 -11 -13 -10 -14 -10 -13 -10 -14 -10 -14 -10 -14 -9 -14 -9 -14 -9 -14 -9 -14 -8 -13 -9 -14 -8 -13 -8 -13 -8 -13 -8 -12 -8 -13 -8 -13 -9 -13 0 0 -9 -12 -9 -12 -9 -12 -9 -11 -9 -12 -9 -11 -9 -11 -9 -11 -9 -11 -10 -10 -11 -11 -10 -10 -10 -10 -11 -10 -11 -10 -11 -10 -11 -10 -12 -10 -12 -10 -12 -9 -12 -10 -12 -9 -12 -9 -12 -9 -12 -9 -13 -9 0 0 0 0 0 0 0 0 0 0 ],0,1,1
[84 -64 4 0 0 0 0 0 0 0 0 0 -15 -6 -16 -7 -16 -7 -16 -8 -15 -8 -15 -8 -15 -9 -14 -9 -14 -9 -13 -9 -14 -10 -14 -10 -13 -10 -13 -10 -12 -10 -13 -10 -12 -10 -11 -10 -12 -10 -12 -9 -12 -9 -12 -10 -11 -9 -11 -9 -11 -10 -11 -9 0 0 -12 -9 -11 -8 -12 -8 -12 -8 -12 -8 -12 -7 -12 -8 -12 -7 -12 -7 -12 -6 -13 -6 -12 -6 -12 -6 -13 -6 -13 -6 -13 -6 -13 -6 -14 -5 -14 -5 -14 -5 -14 -5 -14 -4 -14 -5 -14 -5 -14 -5 -14 -4 0 0 0 0 0 0 0 0 0 0 ],0,1,1
[84 -64 4 0 0 0 0 0 0 0 0 0 -6 -15 -6 -17 -5 -16 -5 -17 -4 -16 -4 -17 -3 -17 -3 -16 -2 -17 -2 -16 -2 -16 -2 -17 -2 -16 -1 -16 -1 -16 -1 -16 -1 -16 -1 -15 -1 -15 -1 -15 -1 -15 -1 -15 -1 -14 -1 -14 -1 -15 -2 -15 0 0 -2 -15 -2 -13 -2 -14 -3 -13 -2 -14 -3 -13 -3 -14 -3 -13 -3 -14 -4 -13 -4 -13 -4 -13 -4 -13 -5 -13 -5 -13 -5 -14 -5 -13 -6 -14 -6 -13 -6 -13 -6 -13 -6 -13 -6 -13 -7 -13 -7 -13 -7 -13 0 0 0 0 0 0 0 0 0 0 ],0,1,1
[84 -64 4 0 0 0 0 0 0 0 0 0 -16 4 -17 3 -17 3 -17 2 -17 2 -17 1 -16 1 -16 1 -16 1 -16 0 -17 0 -17 -1 -16 -1 -16 -1 -15 -1 -16 -1 -15 -1 -15 -1 -15 -1 -14 -1 -15 -1 -15 -1 -14 -1 -14 -1 -14 -1 -15 -1 0 0 -14 0 -14 0 -14 0 -14 1 -13 0 -14 0 -14 1 -14 1 -14 1 -14 2 -14 2 -13 2 -13 2 -13 2 -14 3 -14 3 -14 3 -14 4 -14 4 -14 4 -14 4 -13 4 -14 4 -14 5 -13 5 -14 5 0 0 0 0 0 0 0 0 0 0 ],0,1,1
[84 -64 4 0 0 0 0 0 0 0 0 0 -7 -16 -7 -16 -6 -16 -6 -16 -5 -16 -4 -16 -4 -16 -3 -16 -3 -16 -3 -16 -2 -17 -2 -16 -2 -16 -2 -16 -2 -15 -2 -16 -1 -16 -2 -15 -2 -15 -1 -15 -1 -15 -1 -15 -1 -14 -1 -15 -1 -15 -1 -15 0 0 -2 -15 -2 -14 -2 -14 -2 -14 -2 -13 -3 -14 -3 -14 -3 -14 -3 -14 -4 -13 -4 -14 -4 -13 -4 -13 -4 -13 -4 -14 -5 -14 -4 -14 -5 -14 -5 -14 -6 -13 -5 -14 -6 -13 -5 -13 -6 -14 -6 -14 -6 -13 0 0 0 0 0 0 0 0 0 0 ],0,1,1
[84 -64 4 0 0 0 0 0 0 0 0 0 -13 -12 -14 -13 -13 -13 -14 -14 -12 -14 -12 -15 -12 -15 -11 -14 -11 -15 -10 -14 -10 -16 -10 -16 -10 -16 -10 -16 -9 -15 -9 -15 -9 -16 -8 -14 -9 -15 -9 -14 -9 -14 -9 -14 -8 -13 -8 -14 -8 -15 -9 -14 0 0 -9 -14 -9 -13 -9 -14 -9 -12 -9 -13 -9 -13 -10 -12 -10 -12 -10 -12 -10 -11 -11 -12 -10 -11 -10 -11 -11 -12 -11 -11 -12 -12 -11 -11 -12 -11 -12 -10 -13 -10 -12 -11 -12 -10 -12 -10 -13 -10 -13 -10 -13 -10 0 0 0 0 0 0 0 0 0 0 ],0,1,1
[84 -64 4 0 0 0 0 0 0 0 0 0 13 -13 13 -12 14 -12 14 -11 14 -11 15 -11 15 -10 15 -10 15 -9 15 -9 16 -9 16 -9 16 -8 15 -8 15 -7 16 -8 15 -7 15 -7 14 -7 14 -7 14 -6 14 -7 14 -7 14 -7 14 -7 14 -7 0 0 13 -7 13 -7 13 -7 13 -8 12 -7 12 -8 13 -8 12 -8 12 -9 12 -9 12 -10 11 -9 11 -9 11 -10 12 -10 11 -11 11 -10 11 -11 11 -11 11 -11 11 -11 11 -11 11 -11 10 -12 11 -12 11 -12 0 0 0 0 0 0 0 0 0 0 ],0,1,1
[84 -64 4 0 0 0 0 0 0 0 0 0 5 16 5 17 4 17 4 18 3 17 2 18 2 18 2 17 1 17 1 17 1 18 1 18 1 17 0 17 0 16 0 17 0 17 0 16 0 16 0 15 0 16 0 15 0 15 0 15 0 15 1 15 0 0 1 15 2 14 2 15 2 14 1 14 2 14 2 14 2 14 3 14 3 14 4 15 4 13 4 14 5 14 4 13 5 15 5 13 6 14 6 14 6 14 6 14 6 13 6 13 7 14 7 14 7 14 0 0 0 0 0 0 0 0 0 0 ],0,1,1
[84 -64 4 0 0 0 0 0 0 0 0 0 -4 -16 -3 -16 -3 -17 -3 -17 -2 -17 -2 -17 -1 -17 -1 -17 -1 -17 -1 -16 0 -17 0 -17 0 -17 1 -16 0 -16 1 -16 1 -16 0 -15 1 -15 1 -15 1 -15 1 -15 1 -14 1 -14 1 -14 0 -15 0 0 0 -15 0 -14 0 -14 -1 -14 0 -13 -1 -14 -1 -14 -2 -14 -2 -14 -2 -14 -2 -14 -2 -13 -2 -13 -3 -13 -3 -14 -3 -14 -3 -14 -4 -14 -4 -14 -5 -14 -4 -14 -4 -14 -4 -14 -5 -14 -5 -14 -5 -14 0 0 0 0 0 0 0 0 0 0 ],0,1,1
[82 -96 4 0 0 0 0 0 0 0 0 0 -17 7 -17 6 -18 6 -18 5 -17 4 -18 4 -18 3 -18 3 -18 3 -18 2 -18 2 -19 2 -18 1 -18 1 -17 1 -18 1 -17 1 -17 1 -17 0 -17 0 -16 0 -16 0 -16 0 -16 0 -16 0 -16 1 0 0 -16 1 -15 1 -15 1 -15 2 -15 1 -15 1 -15 2 -15 2 -15 2 -15 3 -16 4 -14 3 -15 3 -15 3 -15 4 -15 5 -15 4 -15 5 -15 5 -15 5 -15 5 -15 5 -15 5 -15 6 -15 5 -15 6 0 0 0 0 0 0 0 0 0 0 ],0,1,1
[84 -64 4 0 0 0 0 0 0 0 0 0 -16 0 -17 0 -17 -1 -17 -2 -16 -2 -17 -2 -17 -3 -16 -3 -16 -3 -16 -3 -16 -4 -17 -4 -16 -4 -15 -4 -15 -5 -15 -4 -15 -5 -14 -4 -15 -5 -14 -5 -14 -4 -14 -5 -13 -4 -14 -4 -14 -4 -14 -4 0 0 -14 -4 -13 -3 -14 -4 -13 -3 -13 -3 -14 -3 -14 -3 -13 -2 -14 -2 -14 -1 -14 -1 -13 -1 -14 -1 -14 -1 -14 -1 -15 0 -14 0 -15 0 -14 0 -14 1 -14 0 -14 0 -14 0 -15 1 -15 1 -15 1 0 0 0 0 0 0 0 0 0 0 ],0,1,1
[84 -64 4 0 0 0 0 0 0 0 0 0 -7 14 -8 15 -8 14 -9 14 -9 13 -10 13 -10 13 -10 12 -10 12 -10 11 -11 12 -11 12 -11 11 -11 11 -11 10 -11 11 -11 10 -10 9 -10 10 -10 9 -10 10 -10 9 -10 9 -10 9 -10 10 -10 10 0 0 -10 10 -9 10 -9 10 -9 10 -9 9 -8 10 -9 10 -8 10 -8 11 -8 11 -8 11 -7 10 -7 11 -7 11 -7 11 -7 12 -7 11 -6 12 -7 12 -6 12 -7 12 -6 12 -6 12 -6 12 -6 13 -6 13 0 0 0 0 0 0 0 0 0 0 ],0,1,1
[84 -64 4 0 0 0 0 0 0 0 0 0 11 -14 12 -14 12 -14 13 -14 12 -13 13 -13 13 -13 13 -12 13 -12 13 -11 15 -11 14 -11 14 -10 14 -10 14 -10 15 -10 14 -10 13 -9 13 -9 13 -9 13 -9 13 -9 12 -9 12 -9 13 -9 12 -10 0 0 12 -10 12 -9 12 -10 11 -10 11 -9 11 -10 11 -10 10 -10 11 -11 10 -11 10 -11 10 -10 10 -11 10 -11 10 -12 10 -12 9 -12 9 -13 9 -13 9 -13 9 -13 9 -13 9 -13 9 -14 9 -13 9 -14 0 0 0 0 0 0 0 0 0 0 ],0,1,1
[84 -64 4 0 0 0 0 0 0 0 0 0 -5 17 -5 18 -6 17 -7 17 -6 16 -8 17 -8 16 -8 16 -8 16 -8 15 -8 16 -9 16 -9 15 -9 14 -9 14 -10 15 -9 14 -9 13 -9 13 -8 13 -9 13 -8 13 -8 13 -8 13 -8 13 -8 13 0 0 -8 13 -7 13 -7 13 -6 13 -7 13 -6 13 -6 13 -6 13 -6 14 -5 14 -5 14 -5 13 -5 14 -4 14 -4 14 -4 15 -4 14 -3 15 -3 15 -3 15 -3 15 -3 14 -3 15 -2 15 -2 15 -2 16 0 0 0 0 0 0 0 0 0 0 ],0,1,1
[84 -64 4 0 0 0 0 0 0 0 0 0 7 14 7 14 6 14 6 15 5 14 5 15 5 15 4 15 4 15 4 14 3 15 3 15 3 15 3 15 3 14 2 15 2 15 2 13 2 14 3 13 2 13 2 13 2 13 2 13 2 13 3 13 0 0 3 13 3 12 4 13 4 12 3 12 4 12 4 12 4 11 5 12 5 11 5 12 5 11 5 11 6 11 6 11 6 12 6 11 7 11 7 12 8 11 7 11 7 11 7 11 8 11 8 11 8 11 0 0 0 0 0 0 0 0 0 0 ],0,1,1
[84 -64 4 0 0 0 0 0 0 0 0 0 -16 -3 -16 -3 -17 -4 -16 -4 -16 -5 -16 -5 -15 -5 -15 -5 -15 -6 -15 -6 -16 -6 -15 -7 -15 -7 -14 -7 -14 -7 -15 -7 -14 -6 -14 -6 -13 -7 -13 -7 -13 -7 -13 -6 -13 -7 -13 -6 -13 -6 -13 -6 0 0 -13 -5 -13 -5 -13 -5 -13 -5 -12 -5 -13 -5 -13 -5 -13 -4 -13 -4 -14 -4 -14 -3 -13 -3 -13 -3 -13 -2 -14 -3 -14 -2 -14 -2 -14 -2 -14 -2 -14 -1 -14 -2 -14 -2 -14 -1 -15 -1 -14 -1 -15 -1 0 0 0 0 0 0 0 0 0 0 ],0,1,1
[84 -64 4 0 0 0 0 0 0 0 0 0 -14 12 -14 11 -15 11 -15 11 -15 10 -15 10 -16 9 -15 9 -15 9 -16 8 -17 8 -16 8 -16 7 -16 7 -15 7 -16 7 -16 7 -15 6 -15 6 -14 6 -15 6 -15 6 -14 6 -14 6 -14 6 -15 7 0 0 -14 7 -13 7 -14 7 -13 8 -13 6 -13 7 -13 8 -12 8 -13 8 -12 9 -13 9 -12 8 -12 9 -12 9 -12 9 -12 10 -12 10 -11 11 -11 11 -11 11 -11 11 -11 11 -11 11 -11 11 -11 11 -11 12 0 0 0 0 0 0 0 0 0 0 ],0,1,1
[84 -64 4 0 0 0 0 0 0 0 0 0 12 -11 13 -10 13 -10 14 -9 13 -9 14 -9 14 -8 14 -8 14 -8 13 -7 14 -7 14 -7 14 -7 14 -6 13 -6 14 -6 14 -6 13 -6 13 -6 13 -6 13 -6 12 -6 12 -6 12 -5 12 -6 12 -6 0 0 12 -6 12 -7 12 -7 11 -7 11 -6 11 -7 11 -7 10 -7 11 -8 10 -8 10 -9 10 -8 10 -8 10 -9 10 -9 10 -10 10 -9 10 -10 10 -10 9 -11 9 -10 9 -10 9 -10 9 -11 9 -11 9 -11 0 0 0 0 0 0 0 0 0 0 ],0,1,1
[84 -64 4 0 0 0 0 0 0 0 0 0 4 17 4 17 3 17 3 18 2 17 2 18 1 17 1 17 1 17 0 17 0 18 0 17 0 17 -1 17 0 17 -1 17 -1 16 -1 15 -1 16 -1 15 -1 16 -1 15 -1 15 -1 15 -1 15 0 15 0 0 0 15 1 14 1 15 1 14 1 14 1 14 1 14 2 14 2 15 2 14 3 14 2 14 3 14 3 14 3 14 4 15 4 14 5 14 5 14 5 14 5 14 5 14 5 14 6 14 5 14 6 14 0 0 0 0 0 0 0 0 0 0 ],0,1,1
[84 -64 4 0 0 0 0 0 0 0 0 0 16 2 17 2 16 3 17 4 16 4 16 4 16 5 16 5 15 5 15 5 15 6 15 6 15 6 15 6 14 7 14 7 14 6 13 6 13 6 13 6 13 6 13 6 12 6 13 5 13 6 13 6 0 0 13 5 13 5 13 5 13 4 12 5 13 4 13 4 12 3 13 4 13 3 13 3 13 3 13 3 14 2 13 2 14 2 14 2 14 1 14 1 14 1 14 1 14 1 14 1 15 0 15 0 15 0 0 0 0 0 0 0 0 0 0 0 ],0,1,1
[84 -64 4 0 0 0 0 0 0 0 0 0 15 2 15 2 15 3 15 4 15 4 15 5 15 5 14 5 14 5 14 5 14 6 14 6 13 6 13 6 13 6 13 7 12 7 12 6 12 6 12 6 12 6 12 6 12 6 12 6 12 6 12 5 0 0 12 5 12 5 12 5 12 4 12 4 12 4 12 4 12 3 12 4 12 3 13 3 12 3 12 3 12 2 12 2 13 2 13 2 13 1 13 2 13 1 13 1 13 1 13 1 14 0 13 0 14 0 0 0 0 0 0 0 0 0 0 0 ],0,1,1
[84 -64 4 0 0 0 0 0 0 0 0 0 -12 -12 -11 -13 -11 -13 -11 -14 -10 -13 -10 -14 -9 -14 -9 -14 -9 -14 -8 -13 -8 -15 -8 -15 -8 -15 -7 -14 -7 -14 -7 -15 -6 -14 -6 -14 -7 -14 -6 -13 -6 -13 -6 -13 -6 -13 -6 -13 -6 -13 -7 -13 0 0 -7 -13 -7 -12 -7 -13 -7 -12 -6 -12 -7 -12 -7 -12 -7 -12 -7 -12 -8 -11 -9 -11 -8 -11 -8 -11 -8 -11 -8 -11 -9 -11 -9 -11 -10 -11 -9 -11 -10 -11 -9 -11 -9 -11 -9 -11 -10 -11 -10 -11 -10 -11 0 0 0 0 0 0 0 0 0 0 ],0,1,1
[84 -64 4 0 0 0 0 0 0 0 0 0 -16 -10 -16 -11 -15 -11 -15 -12 -14 -12 -14 -13 -14 -13 -14 -12 -13 -13 -13 -13 -13 -14 -13 -14 -12 -14 -12 -13 -11 -13 -12 -13 -11 -13 -11 -13 -11 -13 -11 -12 -11 -13 -11 -13 -11 -12 -11 -12 -11 -12 -11 -12 0 0 -11 -12 -11 -11 -12 -11 -11 -10 -11 -11 -12 -10 -12 -10 -12 -10 -12 -10 -12 -9 -13 -9 -12 -9 -13 -9 -13 -9 -13 -9 -14 -9 -13 -8 -14 -8 -15 -8 -14 -7 -15 -8 -14 -7 -14 -7 -15 -7 -15 -7 -15 -7 0 0 0 0 0 0 0 0 0 0 ],0,1,1
[84 -64 4 0 0 0 0 0 0 0 0 0 11 11 11 12 10 11 10 13 9 11 10 13 9 13 9 13 8 13 8 12 8 13 8 13 8 13 7 13 7 13 6 13 6 13 6 12 7 13 6 12 6 12 6 12 6 11 6 12 6 12 7 12 0 0 7 11 7 10 7 11 7 10 7 11 7 10 7 10 7 10 8 11 8 9 8 10 8 9 8 9 9 9 9 9 10 9 9 9 10 9 10 9 10 8 10 9 10 8 10 8 11 8 10 8 11 8 0 0 0 0 0 0 0 0 0 0 ],0,1,1
[84 -64 4 0 0 0 0 0 0 0 0 0 8 13 7 14 7 14 6 14 6 14 5 14 5 14 5 14 5 15 4 14 4 15 4 15 3 15 3 15 3 14 3 15 3 14 3 13 3 13 3 13 3 13 3 13 3 13 3 13 3 13 3 13 0 0 4 13 4 12 4 12 5 12 4 11 5 12 5 11 5 11 5 12 6 11 6 11 6 11 6 11 6 11 7 11 7 11 7 11 8 10 8 11 8 10 8 10 8 10 8 10 8 10 9 10 9 10 0 0 0 0 0 0 0 0 0 0 ],0,1,1
[84 -64 4 0 0 0 0 0 0 0 0 0 0 17 -1 18 -1 17 -2 18 -2 17 -3 18 -3 17 -3 17 -4 17 -4 16 -5 17 -5 17 -5 17 -5 16 -5 16 -6 16 -6 16 -5 15 -5 15 -5 14 -5 15 -5 14 -5 14 -5 14 -5 14 -5 15 0 0 -4 15 -4 14 -4 15 -4 14 -4 14 -3 14 -3 14 -3 14 -3 15 -2 14 -2 15 -2 14 -2 14 -1 15 -1 14 -1 15 -1 14 0 15 0 15 0 15 0 15 0 15 0 14 1 15 0 15 1 16 0 0 0 0 0 0 0 0 0 0 ],0,1,1
[84 -64 4 0 0 0 0 0 0 0 0 0 12 -10 13 -11 13 -9 14 -9 13 -9 14 -8 14 -8 14 -8 14 -7 13 -6 14 -7 14 -7 14 -6 14 -6 14 -5 14 -5 14 -5 13 -5 14 -5 13 -5 13 -5 13 -5 12 -5 13 -5 13 -5 13 -6 0 0 12 -6 11 -5 13 -6 11 -6 12 -5 12 -6 12 -6 11 -6 11 -6 11 -7 11 -7 10 -7 10 -7 11 -7 11 -7 11 -8 11 -8 11 -9 11 -9 10 -9 11 -9 10 -8 10 -9 10 -9 10 -9 10 -9 0 0 0 0 0 0 0 0 0 0 ],0,1,1
[84 -64 4 0 0 0 0 0 0 0 0 0 -4 17 -4 18 -5 17 -6 17 -6 17 -6 16 -7 16 -7 16 -7 16 -7 15 -8 16 -8 16 -8 15 -9 14 -8 14 -9 15 -9 14 -9 13 -8 14 -8 13 -8 13 -8 13 -8 13 -8 13 -8 13 -8 13 0 0 -8 14 -7 13 -7 13 -7 13 -7 12 -7 13 -6 13 -6 13 -6 14 -5 14 -5 14 -5 13 -5 13 -5 14 -5 14 -4 15 -4 14 -4 15 -4 15 -4 15 -4 15 -4 15 -4 15 -3 15 -3 15 -3 15 0 0 0 0 0 0 0 0 0 0 ],0,1,1
[84 -64 4 0 0 0 0 0 0 0 0 0 -13 -10 -13 -11 -13 -11 -13 -12 -12 -12 -12 -12 -11 -13 -11 -13 -11 -13 -10 -13 -11 -13 -11 -13 -10 -13 -9 -13 -9 -13 -9 -13 -9 -13 -9 -12 -9 -12 -9 -12 -8 -12 -9 -12 -8 -12 -9 -12 -9 -12 -9 -12 0 0 -9 -11 -9 -11 -9 -11 -10 -11 -9 -11 -9 -10 -9 -10 -9 -10 -10 -10 -10 -9 -11 -9 -10 -9 -10 -9 -11 -9 -11 -9 -11 -9 -11 -9 -12 -9 -12 -9 -12 -8 -12 -9 -12 -8 -12 -8 -13 -7 -12 -8 -13 -7 0 0 0 0 0 0 0 0 0 0 ],0,1,1
[84 -64 4 0 0 0 0 0 0 0 0 0 6 -15 7 -15 7 -15 8 -15 8 -14 8 -14 9 -14 8 -14 9 -14 9 -13 10 -13 10 -13 10 -12 9 -12 9 -12 10 -12 10 -12 9 -11 9 -11 9 -11 9 -11 9 -11 9 -11 9 -11 9 -11 9 -11 0 0 8 -11 8 -11 8 -11 7 -12 7 -11 7 -11 7 -11 6 -11 7 -12 6 -12 6 -12 6 -11 6 -12 6 -12 6 -12 6 -13 5 -13 5 -13 5 -13 4 -13 5 -13 5 -13 5 -13 4 -14 5 -13 5 -14 0 0 0 0 0 0 0 0 0 0 ],0,1,1
[84 -64 4 0 0 0 0 0 0 0 0 0 -11 12 -12 11 -12 11 -13 11 -12 10 -13 10 -13 10 -13 10 -13 9 -13 9 -13 9 -14 9 -14 8 -14 8 -13 7 -14 8 -14 7 -13 7 -13 7 -12 7 -13 7 -13 6 -12 7 -12 6 -13 7 -12 7 0 0 -12 7 -11 7 -12 7 -11 7 -11 6 -11 7 -11 7 -11 7 -11 8 -11 8 -11 8 -10 8 -10 8 -10 9 -10 9 -11 10 -10 9 -10 10 -10 10 -10 10 -10 10 -10 10 -10 10 -9 10 -10 10 -10 10 0 0 0 0 0 0 0 0 0 0 ],0,1,1
[84 -64 4 0 0 0 0 0 0 0 0 0 15 -4 16 -3 15 -2 16 -2 15 -2 16 -1 15 -1 16 -1 16 0 15 0 15 0 16 0 15 1 15 1 15 1 15 2 15 1 13 1 14 1 13 1 13 1 14 1 13 1 13 1 13 1 14 1 0 0 13 0 13 0 13 0 12 -1 12 0 13 -1 13 -1 12 -1 13 -2 12 -2 13 -2 12 -2 13 -2 13 -3 12 -2 13 -3 13 -3 13 -4 13 -4 13 -4 13 -4 12 -4 12 -4 13 -5 13 -4 13 -5 0 0 0 0 0 0 0 0 0 0 ],0,1,1
[84 -64 4 0 0 0 0 0 0 0 0 0 -18 -6 -18 -7 -17 -7 -18 -8 -16 -8 -17 -9 -16 -9 -16 -9 -16 -10 -15 -9 -16 -10 -16 -10 -15 -10 -15 -10 -15 -10 -15 -10 -15 -10 -14 -10 -14 -10 -13 -10 -13 -10 -13 -10 -13 -9 -13 -10 -13 -10 -14 -9 0 0 -14 -8 -13 -8 -14 -9 -13 -8 -13 -8 -13 -7 -14 -7 -14 -7 -14 -7 -14 -6 -15 -6 -14 -6 -14 -6 -15 -6 -14 -6 -15 -6 -15 -5 -15 -5 -15 -5 -16 -4 -15 -5 -15 -4 -15 -4 -16 -4 -16 -4 -16 -4 0 0 0 0 0 0 0 0 0 0 ],0,1,1
[84 -64 4 0 0 0 0 0 0 0 0 0 -16 -1 -17 -2 -17 -2 -17 -3 -16 -3 -17 -4 -16 -4 -16 -4 -16 -5 -15 -5 -16 -5 -16 -5 -15 -5 -15 -5 -15 -5 -15 -5 -15 -6 -14 -5 -14 -5 -14 -5 -14 -5 -14 -5 -13 -4 -13 -5 -14 -5 -14 -4 0 0 -14 -4 -13 -4 -14 -4 -13 -3 -13 -4 -13 -3 -13 -3 -13 -3 -14 -2 -13 -1 -14 -1 -13 -1 -13 -1 -14 -1 -14 -1 -15 -1 -14 -1 -15 0 -14 0 -14 1 -14 0 -14 0 -14 1 -14 2 -14 1 -15 2 0 0 0 0 0 0 0 0 0 0 ],0,1,1
[84 -64 4 0 0 0 0 0 0 0 0 0 13 -13 13 -12 14 -11 15 -11 14 -11 15 -10 15 -10 15 -9 15 -9 15 -8 16 -8 16 -8 15 -7 15 -7 15 -7 16 -7 16 -7 15 -7 15 -6 14 -6 14 -6 14 -6 14 -6 14 -6 14 -6 14 -7 0 0 14 -7 13 -6 13 -7 13 -8 13 -6 13 -7 13 -7 12 -7 13 -8 12 -8 12 -9 12 -8 12 -8 12 -9 12 -9 12 -10 12 -10 12 -10 12 -10 12 -11 12 -10 11 -10 12 -10 11 -11 11 -11 11 -11 0 0 0 0 0 0 0 0 0 0 ],0,1,1
[84 -64 4 0 0 0 0 0 0 0 0 0 16 6 16 7 16 7 17 8 15 8 15 9 15 9 14 9 14 9 14 9 14 10 14 10 13 10 13 10 13 10 12 11 13 11 11 10 12 10 11 10 11 10 11 10 11 9 11 9 11 10 12 10 0 0 12 9 11 9 12 9 11 8 11 9 11 8 12 8 11 7 12 8 12 7 13 7 12 7 12 7 13 7 12 6 14 7 13 6 14 6 14 6 14 5 14 6 13 6 13 5 14 5 14 5 15 5 0 0 0 0 0 0 0 0 0 0 ],0,1,1
[84 -64 4 0 0 0 0 0 0 0 0 0 6 14 6 15 5 15 5 15 5 15 4 15 4 15 3 15 3 15 3 14 3 15 2 15 2 15 2 15 2 14 1 15 1 15 1 14 2 14 2 14 1 13 1 13 1 13 1 13 2 13 2 13 0 0 2 13 2 12 2 13 3 12 2 12 3 12 3 12 3 12 4 12 4 12 4 12 4 11 4 12 5 12 5 11 6 12 5 12 6 12 6 12 6 11 6 12 6 11 6 11 7 12 7 11 7 12 0 0 0 0 0 0 0 0 0 0 ],0,1,1
[84 -64 4 0 0 0 0 0 0 0 0 0 8 -14 9 -15 8 -14 10 -14 9 -13 10 -13 10 -13 10 -12 11 -12 10 -11 11 -12 11 -12 11 -11 11 -11 11 -11 11 -10 11 -10 10 -10 10 -10 10 -10 10 -10 10 -10 10 -10 9 -10 10 -10 10 -11 0 0 9 -10 8 -10 9 -10 8 -11 9 -10 8 -10 8 -10 8 -11 8 -11 7 -11 7 -12 7 -11 6 -11 7 -12 7 -12 7 -13 6 -12 6 -13 6 -13 6 -13 6 -13 6 -13 5 -12 5 -13 6 -13 5 -14 0 0 0 0 0 0 0 0 0 0 ],0,1,1
[84 -64 4 0 0 0 0 0 0 0 0 0 9 12 9 13 8 13 8 14 7 14 7 14 6 14 6 14 6 14 5 14 5 15 5 15 5 14 4 14 4 14 4 14 4 14 4 13 4 14 4 13 3 13 4 13 3 13 4 13 3 13 4 13 0 0 4 13 4 12 4 12 5 12 4 12 5 12 5 12 5 11 5 12 5 11 6 12 5 11 6 11 6 11 6 11 7 11 7 11 7 11 7 11 7 11 7 11 7 11 8 11 8 11 8 11 8 11 0 0 0 0 0 0 0 0 0 0 ],0,1,1
[84 -64 4 0 0 0 0 0 0 0 0 0 -12 11 -13 11 -13 10 -14 10 -13 9 -14 10 -14 9 -14 9 -14 8 -13 7 -14 8 -14 8 -14 8 -14 7 -14 7 -14 7 -14 7 -13 6 -13 7 -13 6 -13 6 -13 6 -12 6 -12 6 -13 6 -13 7 0 0 -12 7 -12 7 -12 7 -11 7 -11 7 -11 7 -12 7 -11 7 -11 8 -10 8 -11 9 -10 8 -10 8 -10 9 -10 9 -10 10 -10 9 -10 10 -10 10 -9 10 -10 10 -10 10 -9 10 -9 11 -9 11 -9 11 0 0 0 0 0 0 0 0 0 0 ],0,1,1
[84 -64 4 0 0 0 0 0 0 0 0 0 -15 -7 -15 -7 -15 -8 -15 -8 -14 -9 -14 -9 -14 -10 -14 -9 -13 -10 -13 -10 -13 -10 -13 -11 -12 -10 -12 -11 -12 -10 -12 -11 -12 -10 -11 -10 -12 -10 -11 -10 -11 -10 -11 -10 -11 -9 -11 -10 -11 -10 -11 -10 0 0 -11 -9 -11 -9 -11 -9 -11 -8 -11 -9 -11 -9 -11 -8 -11 -8 -11 -8 -12 -7 -12 -8 -11 -7 -12 -7 -12 -7 -12 -7 -13 -7 -12 -7 -13 -6 -13 -6 -13 -6 -13 -7 -13 -6 -13 -6 -14 -6 -13 -6 -14 -6 0 0 0 0 0 0 0 0 0 0 ],0,1,1
[84 -64 4 0 0 0 0 0 0 0 0 0 -15 -6 -16 -6 -15 -7 -16 -8 -15 -8 -15 -8 -14 -8 -14 -8 -14 -9 -13 -8 -14 -9 -14 -9 -13 -9 -13 -9 -13 -9 -13 -9 -12 -9 -12 -9 -12 -9 -12 -9 -12 -9 -12 -9 -11 -8 -12 -8 -12 -9 -12 -9 0 0 -12 -8 -12 -7 -12 -8 -12 -7 -12 -7 -12 -7 -12 -7 -12 -6 -13 -6 -12 -6 -13 -6 -12 -6 -12 -6 -13 -5 -13 -5 -14 -5 -13 -5 -14 -4 -14 -4 -14 -4 -14 -4 -14 -4 -13 -4 -14 -3 -14 -4 -14 -4 0 0 0 0 0 0 0 0 0 0 ],0,1,1
[84 -64 4 0 0 0 0 0 0 0 0 0 10 -15 11 -15 11 -14 12 -15 11 -13 12 -14 12 -13 13 -13 13 -13 13 -11 14 -12 14 -12 14 -11 14 -11 13 -10 14 -10 14 -10 13 -9 13 -10 12 -9 13 -9 12 -9 12 -9 12 -9 13 -9 12 -10 0 0 12 -10 11 -10 12 -10 11 -10 11 -10 11 -10 11 -10 10 -10 11 -10 10 -10 11 -11 10 -10 10 -11 10 -11 10 -11 10 -12 10 -12 10 -13 10 -13 9 -12 9 -13 9 -12 9 -12 9 -13 10 -13 9 -13 0 0 0 0 0 0 0 0 0 0 ],0,1,1
[84 -64 4 0 0 0 0 0 0 0 0 0 -4 17 -5 17 -5 17 -6 17 -6 16 -6 17 -7 17 -7 16 -7 16 -7 15 -8 16 -8 16 -8 15 -8 15 -8 15 -8 15 -9 14 -8 14 -8 14 -8 14 -8 13 -8 13 -7 13 -7 13 -7 13 -7 14 0 0 -7 14 -6 13 -7 14 -6 14 -6 13 -6 13 -5 14 -5 13 -5 14 -4 14 -4 14 -4 14 -4 14 -4 14 -4 14 -3 15 -3 14 -2 15 -3 15 -2 15 -2 15 -2 14 -2 14 -1 15 -1 15 -1 16 0 0 0 0 0 0 0 0 0 0 ],0,1,1
[84 -64 4 0 0 0 0 0 0 0 0 0 -5 17 -6 17 -6 17 -8 17 -7 16 -8 16 -8 16 -8 16 -8 16 -8 15 -9 15 -9 16 -9 14 -9 14 -9 14 -10 15 -10 14 -9 13 -9 13 -9 13 -9 13 -9 13 -9 13 -8 13 -9 13 -8 13 0 0 -8 13 -7 13 -7 13 -7 13 -7 12 -6 13 -7 13 -6 13 -6 14 -5 14 -5 14 -5 13 -5 14 -4 14 -4 14 -4 15 -4 14 -3 15 -3 15 -3 15 -3 15 -3 15 -3 15 -2 15 -3 15 -2 15 0 0 0 0 0 0 0 0 0 0 ],0,1,1
[84 -64 4 0 0 0 0 0 0 0 0 0 6 -17 7 -18 6 -17 7 -17 7 -16 8 -16 9 -16 8 -16 9 -16 8 -15 9 -16 10 -15 10 -15 9 -14 10 -14 10 -14 10 -14 9 -13 9 -14 9 -13 9 -13 9 -13 9 -13 8 -13 9 -13 9 -13 0 0 8 -14 7 -13 8 -13 7 -13 7 -13 7 -13 7 -13 6 -14 7 -14 5 -14 6 -14 5 -14 5 -14 5 -14 5 -14 5 -15 5 -15 4 -16 4 -15 4 -16 4 -15 4 -15 3 -15 3 -16 3 -16 3 -16 0 0 0 0 0 0 0 0 0 0 ],0,1,1
[84 -64 4 0 0 0 0 0 0 0 0 0 -16 2 -17 1 -17 0 -17 0 -17 0 -17 -1 -17 -2 -16 -2 -16 -2 -16 -2 -17 -2 -17 -2 -16 -3 -16 -3 -15 -3 -16 -4 -15 -3 -15 -3 -15 -3 -14 -3 -14 -3 -14 -3 -14 -3 -14 -3 -14 -3 -14 -3 0 0 -14 -2 -14 -2 -14 -2 -14 -2 -13 -2 -13 -2 -14 -2 -13 -1 -14 -1 -14 0 -14 0 -13 0 -13 0 -14 0 -14 0 -14 1 -14 1 -14 1 -14 2 -14 2 -14 2 -14 1 -14 2 -14 3 -14 3 -14 3 0 0 0 0 0 0 0 0 0 0 ],0,1,1
[84 -64 4 0 0 0 0 0 0 0 0 0 -3 15 -4 16 -4 15 -5 16 -5 15 -6 15 -6 15 -6 14 -6 15 -6 13 -7 14 -7 14 -7 13 -7 13 -7 13 -8 13 -8 13 -7 12 -7 12 -7 12 -7 12 -7 12 -7 12 -7 11 -7 12 -7 12 0 0 -6 12 -6 12 -6 12 -5 12 -5 12 -5 12 -5 12 -4 12 -4 12 -4 12 -4 13 -4 12 -3 12 -3 13 -3 12 -3 13 -3 13 -2 13 -2 13 -2 13 -2 13 -2 13 -2 13 -2 13 -2 14 -1 14 0 0 0 0 0 0 0 0 0 0 ],0,1,1
[84 -64 4 0 0 0 0 0 0 0 0 0 -2 17 -2 18 -3 17 -3 18 -3 17 -4 17 -4 17 -5 17 -5 17 -5 16 -6 17 -6 17 -6 16 -6 16 -7 15 -7 16 -7 15 -6 14 -6 14 -6 14 -6 14 -6 14 -6 14 -6 13 -7 14 -6 14 0 0 -6 14 -5 14 -6 14 -5 14 -5 13 -4 14 -5 14 -4 13 -4 14 -3 14 -4 14 -4 14 -3 14 -3 14 -3 14 -3 15 -2 14 -2 15 -2 15 -1 15 -2 15 -2 15 -2 14 -1 15 -2 15 -1 16 0 0 0 0 0 0 0 0 0 0 ],0,1,1
[84 -64 4 0 0 0 0 0 0 0 0 0 17 -1 18 0 18 0 18 1 17 2 18 2 17 2 17 3 17 3 16 3 17 4 17 4 16 4 16 5 16 5 16 5 16 5 14 4 15 5 14 4 15 5 14 5 14 4 14 4 14 5 15 4 0 0 15 4 14 4 15 4 14 3 13 3 14 3 14 3 14 2 14 2 14 1 15 1 14 2 14 2 15 1 14 1 15 1 15 0 15 0 15 0 15 0 15 0 15 0 15 0 15 -1 15 0 15 -1 0 0 0 0 0 0 0 0 0 0 ],0,1,1
[84 -64 4 0 0 0 0 0 0 0 0 0 -13 -9 -14 -10 -13 -10 -13 -11 -12 -11 -12 -12 -12 -12 -12 -12 -12 -12 -11 -12 -11 -12 -11 -13 -11 -12 -10 -12 -10 -12 -10 -12 -10 -12 -10 -11 -10 -12 -10 -11 -9 -11 -9 -11 -9 -11 -9 -11 -10 -11 -10 -11 0 0 -10 -10 -10 -10 -10 -10 -10 -9 -10 -10 -10 -9 -10 -9 -10 -9 -11 -9 -11 -8 -12 -8 -11 -8 -11 -8 -12 -8 -11 -8 -12 -8 -12 -7 -13 -7 -13 -7 -13 -7 -13 -7 -13 -7 -12 -7 -13 -6 -13 -6 -13 -6 0 0 0 0 0 0 0 0 0 0 ],0,1,1
[84 -64 4 0 0 0 0 0 0 0 0 0 -14 -12 -14 -13 -14 -13 -14 -14 -12 -14 -12 -15 -12 -15 -11 -15 -11 -15 -11 -14 -11 -15 -11 -15 -10 -15 -10 -15 -9 -15 -10 -15 -9 -15 -9 -14 -9 -14 -9 -14 -9 -14 -9 -14 -9 -13 -9 -13 -9 -14 -9 -14 0 0 -10 -13 -10 -12 -10 -13 -10 -12 -10 -12 -10 -12 -10 -12 -10 -12 -11 -12 -11 -10 -12 -11 -11 -11 -11 -10 -12 -10 -12 -10 -13 -10 -12 -10 -13 -10 -13 -10 -13 -9 -13 -10 -13 -9 -13 -9 -14 -9 -14 -9 -14 -9 0 0 0 0 0 0 0 0 0 0 ],0,1,1
[84 -64 4 0 0 0 0 0 0 0 0 0 -14 -10 -14 -10 -14 -11 -14 -12 -13 -11 -13 -11 -12 -12 -12 -12 -12 -12 -11 -12 -12 -12 -11 -13 -11 -12 -11 -12 -10 -12 -10 -13 -10 -12 -9 -11 -10 -12 -9 -12 -9 -12 -9 -12 -9 -11 -9 -11 -9 -11 -10 -11 0 0 -10 -11 -9 -10 -10 -11 -10 -10 -10 -10 -10 -10 -10 -10 -10 -9 -11 -9 -11 -8 -11 -9 -11 -9 -11 -8 -12 -9 -11 -8 -12 -8 -11 -8 -13 -8 -12 -8 -13 -7 -13 -8 -13 -7 -12 -7 -13 -7 -13 -7 -13 -7 0 0 0 0 0 0 0 0 0 0 ],0,1,1
[84 -64 4 0 0 0 0 0 0 0 0 0 -13 9 -14 9 -14 8 -15 8 -14 7 -15 7 -15 7 -15 6 -15 6 -14 5 -15 5 -15 5 -15 5 -15 4 -15 4 -15 4 -15 4 -14 4 -14 4 -14 4 -14 4 -14 3 -13 4 -13 4 -14 4 -14 4 0 0 -14 4 -13 4 -14 4 -12 5 -13 4 -13 4 -13 5 -12 5 -13 6 -12 6 -12 6 -12 6 -12 6 -12 7 -12 6 -12 7 -12 6 -12 8 -12 8 -11 8 -12 8 -11 7 -11 8 -12 8 -12 8 -12 9 0 0 0 0 0 0 0 0 0 0 ],0,1,1
[84 -64 4 0 0 0 0 0 0 0 0 0 17 -3 18 -3 18 -1 18 -1 18 -1 17 0 18 1 17 1 18 1 17 1 17 1 18 1 17 2 17 2 16 2 17 3 16 2 15 2 15 2 15 2 15 3 15 3 15 2 15 2 15 2 15 2 0 0 15 2 15 2 15 1 15 1 14 1 14 1 15 1 14 0 15 0 14 -1 14 -1 14 -1 14 -1 15 -2 15 -2 15 -2 15 -2 15 -3 15 -2 15 -3 15 -3 15 -3 15 -3 15 -4 15 -4 15 -4 0 0 0 0 0 0 0 0 0 0 ],0,1,1
[84 -64 4 0 0 0 0 0 0 0 0 0 0 -18 0 -19 1 -18 2 -19 2 -18 2 -19 3 -18 3 -18 4 -18 3 -17 4 -18 4 -18 4 -17 5 -17 5 -17 5 -17 5 -17 5 -15 5 -16 5 -16 5 -15 5 -15 5 -15 4 -15 5 -15 4 -16 0 0 4 -16 4 -15 4 -16 3 -15 3 -15 3 -15 3 -15 2 -15 2 -15 1 -15 1 -16 1 -15 1 -15 1 -15 1 -15 1 -17 0 -15 0 -16 0 -17 -1 -16 0 -16 -1 -16 -1 -15 -1 -16 -1 -16 -1 -17 0 0 0 0 0 0 0 0 0 0 ],0,1,1
[84 -64 4 0 0 0 0 0 0 0 0 0 4 6 4 6 3 6 3 6 3 6 3 7 2 6 2 7 2 6 2 6 2 7 2 7 2 6 2 6 2 6 1 7 1 6 1 6 1 6 1 6 1 6 1 6 1 6 1 6 1 6 1 6 0 0 1 6 2 6 2 6 2 5 1 5 2 5 2 5 2 5 2 5 2 5 2 5 2 5 2 5 3 5 3 5 3 5 3 5 3 5 3 5 3 5 3 5 3 5 3 5 4 5 3 5 4 5 0 0 0 0 0 0 0 0 0 0 ],0,1,1
[84 -64 4 0 0 0 0 0 0 0 0 0 7 14 6 14 6 15 5 15 6 15 4 15 5 15 4 14 4 14 4 15 3 15 3 15 2 15 2 14 3 13 2 15 2 14 2 14 2 13 2 13 2 13 2 13 2 13 2 13 2 13 2 13 0 0 3 13 3 13 3 12 4 12 3 12 3 12 3 12 4 11 4 12 5 12 5 12 5 11 5 12 5 11 6 12 6 11 6 11 7 11 7 11 7 11 7 11 7 11 7 11 8 11 7 11 8 11 0 0 0 0 0 0 0 0 0 0 ],0,1,1
[84 -64 4 0 0 0 0 0 0 0 0 0 -14 9 -14 8 -15 8 -16 7 -15 7 -15 7 -15 6 -15 6 -15 5 -15 5 -16 5 -16 5 -15 5 -15 4 -15 4 -16 4 -15 4 -14 4 -14 4 -14 3 -14 3 -14 3 -14 4 -14 4 -14 4 -14 4 0 0 -14 4 -13 4 -13 4 -13 5 -12 4 -12 4 -13 5 -12 5 -13 6 -12 6 -12 6 -12 6 -12 6 -12 7 -12 6 -12 7 -12 7 -11 8 -12 8 -11 8 -12 8 -12 8 -11 8 -11 9 -11 8 -11 9 0 0 0 0 0 0 0 0 0 0 ],0,1,1
[84 -64 4 0 0 0 0 0 0 0 0 0 -12 -13 -12 -13 -12 -14 -12 -14 -11 -14 -10 -14 -10 -14 -10 -15 -9 -15 -9 -14 -9 -15 -9 -15 -9 -15 -8 -15 -8 -14 -8 -15 -7 -15 -7 -15 -7 -14 -7 -14 -7 -14 -7 -14 -7 -14 -7 -13 -7 -14 -7 -14 0 0 -7 -14 -8 -13 -8 -13 -8 -13 -7 -12 -7 -13 -8 -13 -8 -12 -8 -13 -9 -12 -10 -12 -9 -11 -9 -11 -9 -11 -9 -12 -10 -12 -10 -12 -10 -11 -11 -11 -11 -11 -11 -12 -11 -11 -11 -11 -12 -10 -12 -11 -12 -11 0 0 0 0 0 0 0 0 0 0 ],0,1,1
[84 -64 4 0 0 0 0 0 0 0 0 0 -10 -14 -10 -14 -9 -15 -9 -15 -8 -15 -8 -15 -7 -15 -7 -15 -7 -15 -7 -15 -6 -16 -6 -16 -6 -16 -5 -15 -5 -15 -5 -16 -5 -15 -5 -14 -5 -15 -5 -14 -5 -14 -5 -14 -5 -14 -5 -14 -5 -14 -5 -14 0 0 -6 -13 -6 -13 -6 -13 -6 -13 -6 -12 -6 -12 -6 -13 -7 -12 -7 -12 -7 -12 -8 -12 -7 -12 -7 -11 -8 -11 -8 -12 -9 -11 -8 -12 -9 -12 -9 -11 -10 -11 -9 -11 -10 -11 -10 -11 -10 -11 -10 -11 -10 -11 0 0 0 0 0 0 0 0 0 0 ],0,1,1
[84 -64 4 0 0 0 0 0 0 0 0 0 -16 3 -17 2 -17 1 -18 1 -16 0 -17 0 -17 0 -16 -1 -16 -1 -16 -1 -17 -1 -17 -2 -17 -2 -16 -2 -16 -2 -16 -2 -16 -2 -15 -2 -15 -2 -15 -3 -15 -2 -14 -2 -14 -2 -14 -2 -14 -2 -15 -2 0 0 -15 -1 -14 -1 -15 -1 -14 -1 -14 -1 -14 -1 -14 -1 -14 0 -14 0 -13 1 -14 1 -13 1 -14 1 -14 1 -13 1 -15 2 -14 1 -15 3 -14 2 -14 3 -14 2 -14 2 -14 2 -14 3 -14 3 -14 4 0 0 0 0 0 0 0 0 0 0 ],0,1,1
[84 -64 4 0 0 0 0 0 0 0 0 0 -8 -3 -8 -4 -8 -4 -8 -4 -7 -4 -7 -4 -7 -5 -7 -5 -6 -5 -6 -5 -7 -5 -7 -5 -6 -5 -6 -5 -6 -5 -6 -5 -6 -5 -5 -5 -6 -5 -5 -5 -5 -5 -5 -5 -5 -5 -5 -4 -6 -5 -6 -4 0 0 -6 -5 -5 -4 -6 -4 -6 -4 -5 -4 -5 -4 -6 -4 -5 -4 -6 -4 -6 -3 -6 -3 -6 -3 -6 -3 -6 -3 -6 -3 -6 -3 -6 -3 -6 -3 -6 -3 -6 -3 -6 -3 -6 -3 -6 -3 -7 -2 -7 -3 -7 -2 0 0 0 0 0 0 0 0 0 0 ],0,1,1
[84 -64 4 0 0 0 0 0 0 0 0 0 16 5 16 7 16 7 17 8 15 8 16 8 15 9 14 9 14 9 14 9 15 9 15 10 14 10 13 10 13 10 13 11 13 10 12 9 12 10 12 10 12 10 11 9 11 9 12 9 12 9 12 9 0 0 12 9 12 8 12 9 12 7 11 8 12 7 12 8 11 7 12 7 12 6 13 6 13 6 13 6 13 6 13 6 14 6 13 5 14 5 14 5 14 5 14 5 14 5 14 4 15 4 15 4 15 4 0 0 0 0 0 0 0 0 0 0 ],0,1,1
[84 -64 4 0 0 0 0 0 0 0 0 0 17 -3 18 -2 18 -1 18 -1 17 -1 18 0 17 0 17 1 17 1 17 1 17 2 17 2 17 2 16 2 16 2 17 3 16 2 15 2 15 2 15 3 15 2 15 2 14 2 14 3 15 3 15 2 0 0 15 2 14 2 15 2 14 1 14 2 14 1 15 1 14 0 14 0 14 -1 15 0 14 0 14 -1 14 -1 14 -1 15 -2 15 -2 15 -2 15 -3 15 -3 15 -3 15 -3 14 -3 15 -4 15 -3 15 -4 0 0 0 0 0 0 0 0 0 0 ],0,1,1
[84 -64 4 0 0 0 0 0 0 0 0 0 -12 13 -13 13 -14 12 -14 12 -14 11 -15 11 -14 11 -15 10 -15 10 -14 9 -16 9 -16 10 -16 9 -15 9 -15 8 -15 8 -15 8 -14 8 -15 8 -14 8 -14 7 -14 7 -13 7 -14 7 -14 7 -14 8 0 0 -14 8 -12 8 -13 8 -12 9 -13 8 -13 8 -12 8 -12 9 -12 9 -11 9 -12 10 -11 10 -11 10 -11 10 -11 10 -11 11 -11 10 -11 12 -11 12 -10 12 -10 12 -10 11 -10 11 -10 12 -10 12 -10 12 0 0 0 0 0 0 0 0 0 0 ],0,1,1
[84 -64 4 0 0 0 0 0 0 0 0 0 -15 -8 -15 -8 -15 -9 -15 -9 -14 -9 -14 -10 -14 -10 -13 -10 -13 -10 -13 -11 -13 -11 -13 -11 -12 -11 -12 -11 -11 -11 -12 -11 -11 -11 -11 -11 -11 -10 -11 -10 -10 -10 -11 -10 -10 -10 -11 -10 -11 -10 -11 -10 0 0 -11 -10 -11 -9 -11 -9 -12 -9 -11 -9 -11 -9 -11 -9 -11 -8 -11 -8 -12 -7 -12 -8 -12 -7 -12 -7 -12 -7 -12 -7 -13 -7 -13 -7 -13 -6 -13 -6 -13 -6 -13 -6 -13 -6 -13 -6 -14 -5 -14 -6 -14 -5 0 0 0 0 0 0 0 0 0 0 ],0,1,1
[84 -64 4 0 0 0 0 0 0 0 0 0 -16 3 -17 3 -17 2 -17 1 -16 1 -17 1 -16 0 -16 0 -17 0 -16 -1 -16 -1 -17 -1 -16 -1 -16 -1 -15 -2 -16 -2 -16 -2 -15 -1 -15 -2 -14 -2 -15 -2 -14 -2 -14 -2 -14 -2 -14 -2 -15 -1 0 0 -14 -1 -14 -1 -14 -1 -14 0 -14 -1 -13 -1 -14 0 -13 0 -14 0 -14 1 -14 1 -13 1 -14 1 -14 1 -13 1 -14 2 -13 2 -14 3 -14 2 -14 3 -14 3 -14 2 -14 3 -14 4 -14 3 -14 3 0 0 0 0 0 0 0 0 0 0 ],0,1,1
[84 -64 4 0 0 0 0 0 0 0 0 0 -17 6 -18 5 -18 4 -19 4 -18 3 -19 3 -18 3 -18 3 -18 2 -17 2 -19 2 -18 2 -18 1 -18 1 -18 0 -18 0 -18 0 -16 0 -17 0 -16 0 -16 0 -16 0 -16 0 -16 0 -16 0 -16 1 0 0 -16 1 -15 1 -16 1 -15 2 -15 1 -15 2 -15 2 -15 2 -15 2 -15 3 -16 3 -14 3 -14 4 -15 4 -15 4 -16 5 -15 4 -15 5 -15 5 -15 6 -15 6 -15 5 -14 6 -15 6 -15 6 -15 6 0 0 0 0 0 0 0 0 0 0 ],0,1,1
[84 -64 4 0 0 0 0 0 0 0 0 0 -16 9 -16 9 -16 8 -17 8 -17 7 -17 7 -17 6 -17 5 -17 5 -17 5 -18 5 -18 4 -18 4 -17 4 -17 3 -18 3 -17 4 -16 3 -16 3 -16 3 -16 3 -16 3 -15 3 -15 3 -16 3 -16 4 0 0 -15 4 -15 4 -15 3 -14 4 -15 3 -15 4 -15 4 -14 4 -15 5 -14 5 -15 6 -14 5 -14 5 -14 6 -14 6 -14 7 -14 6 -14 7 -14 7 -14 7 -14 7 -14 7 -13 7 -14 8 -14 8 -14 8 0 0 0 0 0 0 0 0 0 0 ],0,1,1
[84 -64 4 0 0 0 0 0 0 0 0 0 16 8 15 8 15 9 15 10 14 10 14 10 14 10 14 11 13 11 13 11 13 11 13 12 12 12 12 11 12 11 12 12 12 11 11 11 11 11 11 10 11 10 11 11 11 10 11 10 11 11 11 10 0 0 12 9 11 10 12 9 12 9 11 9 12 8 12 8 11 8 12 8 12 7 13 7 12 7 12 7 13 7 13 7 13 6 13 6 14 6 14 5 14 5 14 5 14 5 14 5 14 4 14 5 15 5 0 0 0 0 0 0 0 0 0 0 ],0,1,1
[84 -64 4 0 0 0 0 0 0 0 0 0 -17 7 -18 7 -17 6 -18 6 -17 5 -18 5 -18 4 -18 4 -17 4 -17 3 -18 3 -18 3 -18 3 -17 2 -17 2 -18 2 -17 2 -16 2 -17 1 -16 1 -16 1 -16 1 -16 1 -16 1 -16 2 -16 2 0 0 -16 2 -15 2 -16 2 -15 3 -15 2 -15 2 -15 3 -15 3 -15 4 -15 4 -15 5 -14 5 -14 4 -15 5 -14 5 -15 5 -14 5 -15 6 -15 6 -14 6 -15 6 -15 6 -14 6 -14 7 -14 7 -14 7 0 0 0 0 0 0 0 0 0 0 ],0,1,1
[84 -64 4 0 0 0 0 0 0 0 0 0 -13 13 -13 12 -14 12 -15 11 -15 11 -15 11 -15 10 -15 10 -15 10 -15 9 -16 9 -16 9 -16 8 -15 8 -15 8 -16 8 -16 7 -15 7 -15 7 -14 7 -14 7 -14 6 -14 7 -14 7 -14 7 -14 8 0 0 -13 8 -13 8 -14 8 -13 8 -13 7 -13 8 -13 8 -12 8 -13 9 -12 9 -12 10 -12 9 -12 9 -11 10 -11 10 -12 11 -11 10 -10 11 -11 11 -11 11 -11 11 -11 11 -10 11 -10 12 -11 12 -10 12 0 0 0 0 0 0 0 0 0 0 ],0,1,1
[84 -64 4 0 0 0 0 0 0 0 0 0 8 -16 9 -16 9 -15 10 -15 10 -15 11 -15 11 -15 11 -14 11 -14 11 -13 12 -14 12 -13 12 -12 12 -12 11 -12 12 -12 12 -12 11 -11 11 -11 11 -11 11 -11 11 -11 11 -11 11 -10 11 -10 11 -11 0 0 11 -11 10 -11 10 -11 10 -12 10 -11 9 -12 9 -11 9 -12 9 -12 8 -12 9 -13 8 -12 8 -12 8 -13 8 -13 8 -14 8 -13 7 -14 7 -14 6 -14 7 -14 6 -14 7 -14 7 -15 7 -14 7 -15 0 0 0 0 0 0 0 0 0 0 ],0,1,1
[84 -64 4 0 0 0 0 0 0 0 0 0 -4 -18 -4 -18 -4 -18 -3 -19 -2 -18 -2 -19 -1 -19 -1 -18 -1 -19 0 -17 0 -19 0 -19 0 -18 0 -17 0 -17 1 -18 1 -17 1 -17 0 -17 1 -16 1 -16 1 -16 1 -16 0 -16 0 -16 0 -16 0 0 0 -16 -1 -15 -1 -16 -1 -15 -1 -16 -1 -15 -1 -15 -2 -15 -2 -15 -3 -15 -3 -15 -3 -14 -3 -15 -3 -15 -4 -15 -4 -16 -4 -15 -5 -16 -5 -15 -6 -15 -5 -16 -5 -15 -5 -15 -6 -15 -6 -15 -6 -15 0 0 0 0 0 0 0 0 0 0 ],0,1,1
[84 -64 4 0 0 0 0 0 0 0 0 0 -10 12 -11 13 -11 12 -12 12 -12 11 -12 11 -12 11 -12 10 -13 10 -12 10 -13 10 -13 10 -13 10 -13 9 -13 9 -13 9 -13 9 -12 8 -13 8 -12 8 -12 8 -12 8 -11 8 -11 8 -12 8 -12 9 0 0 -11 8 -11 8 -12 8 -10 9 -10 8 -10 9 -11 9 -10 9 -10 9 -9 9 -10 10 -9 9 -9 10 -9 10 -9 10 -9 11 -8 10 -8 11 -9 11 -8 11 -8 12 -8 11 -7 11 -7 12 -8 12 -7 12 0 0 0 0 0 0 0 0 0 0 ],0,1,1
[84 -64 4 0 0 0 0 0 0 0 0 0 -14 -8 -14 -9 -15 -10 -14 -10 -14 -10 -13 -10 -12 -11 -12 -11 -12 -11 -12 -11 -12 -12 -12 -12 -12 -12 -11 -12 -11 -11 -11 -12 -10 -11 -10 -11 -10 -11 -10 -11 -10 -11 -10 -11 -10 -11 -10 -11 -10 -11 -10 -11 0 0 -10 -10 -10 -10 -10 -10 -11 -10 -10 -9 -10 -9 -10 -9 -10 -9 -11 -9 -11 -8 -11 -8 -11 -8 -11 -8 -11 -8 -12 -8 -12 -8 -12 -8 -12 -7 -12 -7 -12 -7 -13 -7 -13 -7 -13 -7 -13 -6 -13 -7 -13 -7 0 0 0 0 0 0 0 0 0 0 ],0,1,1
[84 -64 4 0 0 0 0 0 0 0 0 0 -17 -7 -17 -8 -17 -8 -17 -9 -16 -9 -16 -9 -16 -10 -15 -10 -15 -10 -14 -10 -15 -11 -15 -11 -14 -11 -14 -11 -14 -11 -14 -11 -14 -11 -12 -10 -13 -11 -12 -11 -12 -11 -12 -11 -12 -10 -12 -11 -12 -11 -13 -10 0 0 -13 -10 -12 -9 -13 -10 -13 -9 -12 -9 -13 -9 -12 -9 -13 -9 -13 -9 -13 -8 -14 -8 -13 -8 -13 -7 -14 -7 -13 -7 -15 -7 -14 -7 -15 -7 -15 -7 -15 -6 -15 -7 -15 -6 -14 -6 -15 -6 -15 -6 -15 -6 0 0 0 0 0 0 0 0 0 0 ],0,1,1
[84 -64 4 0 0 0 0 0 0 0 0 0 17 -1 18 0 18 1 18 2 17 2 17 2 17 3 17 3 17 4 16 3 17 4 17 4 16 4 16 4 15 5 16 5 15 5 15 5 15 5 15 5 14 5 14 5 14 4 14 4 14 4 15 4 0 0 15 4 14 4 15 4 14 3 14 3 14 3 14 3 14 2 14 2 14 1 15 1 14 1 14 1 15 1 14 1 15 0 15 0 15 -1 15 0 15 -1 15 0 15 0 15 -1 15 -2 15 -1 15 -2 0 0 0 0 0 0 0 0 0 0 ],0,1,1
[84 -64 4 0 0 0 0 0 0 0 0 0 8 14 7 14 7 14 6 15 6 14 5 15 5 15 4 15 4 15 4 14 4 15 4 15 4 15 3 15 3 14 3 15 2 15 3 14 2 14 2 13 2 13 2 13 2 13 2 13 2 14 3 13 0 0 3 13 3 13 3 13 3 12 3 12 4 12 4 12 4 12 4 12 5 12 5 12 5 12 5 12 5 12 5 12 6 12 6 12 6 12 6 12 7 11 7 12 6 11 7 11 8 11 7 11 7 11 0 0 0 0 0 0 0 0 0 0 ],0,1,1
[84 -64 4 0 0 0 0 0 0 0 0 0 10 -14 10 -14 10 -14 11 -14 11 -13 11 -13 11 -13 11 -12 12 -12 12 -11 13 -12 13 -11 12 -11 12 -10 12 -10 13 -11 12 -10 12 -10 11 -10 11 -10 11 -9 11 -10 11 -9 11 -9 12 -9 11 -10 0 0 11 -10 10 -10 10 -10 10 -10 10 -10 10 -10 9 -10 9 -11 9 -11 9 -12 9 -12 8 -11 8 -11 8 -11 8 -12 8 -12 8 -12 8 -13 8 -13 7 -13 8 -13 7 -13 7 -13 7 -14 7 -13 7 -14 0 0 0 0 0 0 0 0 0 0 ],0,1,1
[84 -64 4 0 0 0 0 0 0 0 0 0 -14 8 -15 7 -15 7 -16 6 -15 6 -16 5 -16 5 -15 5 -16 4 -15 4 -16 4 -16 4 -16 3 -15 3 -15 3 -16 3 -15 2 -15 2 -15 2 -14 2 -15 2 -14 2 -14 2 -14 2 -14 2 -14 3 0 0 -14 3 -13 3 -14 3 -13 3 -13 3 -13 3 -13 3 -13 3 -13 4 -13 4 -13 5 -12 4 -13 5 -13 5 -13 5 -13 6 -13 5 -13 6 -13 6 -13 6 -13 6 -12 6 -12 6 -13 7 -13 7 -13 7 0 0 0 0 0 0 0 0 0 0 ],0,1,1
[84 -64 4 0 0 0 0 0 0 0 0 0 -15 7 -16 7 -16 7 -16 6 -16 6 -16 6 -16 5 -16 4 -16 4 -15 4 -17 4 -17 4 -16 3 -16 3 -16 3 -16 3 -16 3 -15 2 -16 2 -15 2 -15 2 -15 2 -14 2 -15 2 -15 2 -15 3 0 0 -15 3 -14 3 -14 3 -14 4 -14 3 -14 3 -14 3 -13 4 -13 4 -13 5 -14 5 -13 5 -13 5 -13 5 -13 6 -13 6 -13 6 -13 7 -13 7 -13 7 -13 7 -12 7 -12 7 -12 8 -12 7 -12 8 0 0 0 0 0 0 0 0 0 0 ],0,1,1
[84 -64 4 0 0 0 0 0 0 0 0 0 16 0 16 0 16 1 16 2 16 2 15 2 15 2 15 3 15 3 14 4 15 4 15 4 14 4 14 5 13 4 14 5 14 4 13 4 13 4 13 4 13 4 13 4 13 4 12 4 13 4 13 4 0 0 13 3 12 3 13 3 12 2 12 3 12 2 12 2 12 2 13 2 13 1 13 1 12 1 12 1 13 0 13 0 13 0 13 0 13 -1 14 -1 13 -2 14 -1 13 -1 13 -1 13 -2 13 -2 13 -2 0 0 0 0 0 0 0 0 0 0 ],0,1,1
[84 -64 4 0 0 0 0 0 0 0 0 0 -14 -12 -14 -13 -14 -13 -14 -14 -13 -13 -13 -14 -12 -15 -12 -14 -11 -15 -11 -14 -11 -15 -12 -15 -11 -15 -10 -14 -10 -15 -10 -15 -10 -15 -9 -14 -9 -14 -9 -14 -9 -14 -9 -14 -9 -13 -9 -13 -10 -14 -10 -13 0 0 -10 -13 -9 -12 -10 -13 -10 -12 -10 -12 -10 -12 -10 -12 -10 -11 -11 -12 -11 -10 -12 -11 -11 -10 -11 -10 -12 -11 -12 -10 -13 -11 -12 -10 -13 -10 -13 -10 -13 -10 -13 -10 -13 -10 -13 -9 -14 -9 -14 -9 -14 -9 0 0 0 0 0 0 0 0 0 0 ],0,1,1
[84 -64 4 0 0 0 0 0 0 0 0 0 -15 7 -16 6 -15 6 -17 5 -15 4 -17 4 -16 4 -16 4 -16 4 -15 3 -17 3 -17 2 -16 2 -16 1 -16 2 -16 2 -16 2 -15 2 -16 2 -15 2 -14 1 -14 1 -14 2 -15 1 -14 1 -15 2 0 0 -14 2 -13 2 -15 2 -13 3 -13 2 -13 3 -14 3 -13 3 -13 4 -13 4 -13 4 -13 4 -13 4 -13 5 -12 5 -14 6 -13 5 -13 6 -13 6 -13 7 -13 6 -13 6 -12 6 -13 7 -13 6 -13 7 0 0 0 0 0 0 0 0 0 0 ],0,1,1
[84 -64 4 0 0 0 0 0 0 0 0 0 12 -14 13 -13 13 -12 14 -12 13 -11 14 -11 14 -11 14 -10 15 -10 14 -9 15 -10 15 -10 15 -9 15 -9 14 -8 15 -8 15 -8 14 -8 14 -8 14 -7 14 -7 14 -7 13 -7 13 -7 14 -7 14 -8 0 0 13 -8 13 -8 13 -8 12 -9 12 -8 12 -8 12 -8 11 -8 12 -9 11 -10 12 -10 11 -9 11 -10 11 -10 11 -10 11 -11 11 -11 11 -12 11 -11 10 -11 11 -12 10 -11 10 -11 10 -12 10 -12 10 -12 0 0 0 0 0 0 0 0 0 0 ],0,1,1
[84 -64 4 0 0 0 0 0 0 0 0 0 15 -3 16 -2 16 -1 16 -1 16 0 16 0 15 0 15 1 16 1 15 1 16 1 16 1 15 2 15 2 14 2 15 2 14 2 14 2 14 2 13 2 13 2 13 2 13 2 13 2 13 2 14 1 0 0 13 1 13 1 13 1 13 0 12 1 13 1 13 1 12 0 13 0 12 -1 13 -1 12 -1 13 -1 13 -2 13 -2 13 -2 13 -2 13 -3 13 -3 13 -3 14 -3 13 -3 13 -3 13 -4 13 -4 13 -4 0 0 0 0 0 0 0 0 0 0 ],0,1,1
[84 -64 4 0 0 0 0 0 0 0 0 0 -4 -18 -3 -19 -3 -19 -2 -19 -2 -18 -1 -19 -1 -19 0 -18 0 -18 0 -17 1 -19 1 -19 1 -18 1 -18 2 -17 2 -18 2 -17 2 -17 2 -16 2 -16 2 -16 2 -16 2 -16 2 -16 2 -16 1 -16 0 0 1 -16 1 -16 1 -16 0 -16 0 -15 0 -15 0 -15 -1 -15 -1 -16 -1 -15 -1 -16 -2 -15 -1 -15 -2 -15 -2 -15 -2 -16 -2 -16 -3 -16 -3 -16 -4 -16 -3 -16 -4 -15 -3 -16 -4 -16 -4 -16 -4 -16 0 0 0 0 0 0 0 0 0 0 ],0,1,1
[84 -64 4 0 0 0 0 0 0 0 0 0 15 2 16 3 15 4 16 4 15 4 15 5 15 5 14 6 14 6 13 6 14 7 14 7 14 7 13 7 12 7 14 7 13 7 12 6 12 7 12 6 12 6 12 6 12 6 12 6 12 6 12 6 0 0 12 6 12 5 12 5 12 4 11 5 12 4 12 5 11 4 12 4 12 3 13 3 12 3 12 3 13 3 13 3 13 2 13 2 13 2 13 2 13 1 13 2 13 2 13 1 13 1 14 1 14 1 0 0 0 0 0 0 0 0 0 0 ],0,1,1
[84 -64 4 0 0 0 0 0 0 0 0 0 -16 6 -16 6 -16 5 -17 5 -16 4 -17 4 -17 4 -17 3 -17 3 -16 3 -17 3 -17 3 -16 2 -16 2 -16 2 -17 1 -17 2 -15 1 -16 1 -15 1 -15 1 -15 1 -14 2 -15 1 -15 1 -15 2 0 0 -15 2 -14 2 -15 2 -14 3 -14 2 -14 3 -14 3 -13 3 -14 3 -13 4 -14 5 -13 4 -13 5 -13 5 -13 5 -14 6 -13 5 -13 6 -13 6 -13 6 -13 6 -13 6 -12 7 -13 7 -13 7 -13 8 0 0 0 0 0 0 0 0 0 0 ],0,1,1
[84 -64 4 0 0 0 0 0 0 0 0 0 -15 -8 -15 -8 -15 -8 -15 -9 -14 -9 -14 -10 -14 -10 -13 -10 -13 -10 -13 -10 -13 -11 -13 -11 -12 -11 -12 -11 -12 -11 -11 -11 -11 -11 -11 -10 -11 -11 -11 -10 -11 -10 -11 -10 -10 -10 -10 -10 -11 -10 -11 -10 0 0 -11 -9 -11 -9 -11 -9 -11 -8 -11 -9 -11 -9 -11 -9 -11 -8 -12 -8 -12 -7 -12 -7 -12 -7 -12 -7 -12 -7 -12 -7 -13 -7 -12 -6 -13 -6 -13 -6 -13 -6 -13 -6 -13 -6 -13 -5 -14 -5 -14 -5 -14 -5 0 0 0 0 0 0 0 0 0 0 ],0,1,1
[84 -64 4 0 0 0 0 0 0 0 0 0 -17 8 -17 7 -18 6 -18 6 -18 5 -17 5 -18 5 -18 4 -18 4 -18 3 -19 3 -18 3 -18 2 -17 2 -17 2 -18 2 -17 2 -17 2 -16 2 -16 2 -16 2 -16 1 -16 2 -16 1 -16 1 -16 2 0 0 -16 2 -15 2 -15 2 -15 3 -14 2 -15 3 -15 3 -14 3 -15 4 -15 5 -15 5 -14 4 -14 5 -14 5 -15 5 -15 6 -14 5 -14 6 -15 7 -14 7 -15 7 -14 6 -14 7 -14 7 -14 7 -14 7 0 0 0 0 0 0 0 0 0 0 ],0,1,1
[84 -64 4 0 0 0 0 0 0 0 0 0 -18 3 -19 3 -18 2 -19 1 -18 1 -18 1 -18 0 -18 0 -18 0 -18 -1 -18 -1 -18 -1 -18 -1 -18 -2 -17 -2 -18 -2 -17 -2 -17 -2 -17 -2 -16 -2 -16 -2 -16 -2 -16 -2 -16 -2 -16 -2 -16 -1 0 0 -16 -1 -15 -1 -16 -1 -15 0 -15 -1 -15 0 -15 0 -15 0 -16 1 -15 2 -16 2 -15 1 -15 2 -15 2 -15 2 -16 3 -15 3 -15 3 -16 3 -15 4 -16 4 -15 3 -15 4 -16 5 -16 4 -16 5 0 0 0 0 0 0 0 0 0 0 ],0,1,1
[84 -64 4 0 0 0 0 0 0 0 0 0 -16 -1 -17 -2 -17 -2 -17 -3 -17 -3 -16 -3 -16 -4 -16 -4 -16 -5 -15 -5 -16 -5 -16 -5 -15 -5 -15 -6 -14 -5 -15 -6 -15 -5 -14 -5 -14 -5 -14 -5 -14 -6 -13 -5 -14 -5 -13 -5 -14 -5 -14 -5 0 0 -14 -5 -14 -4 -14 -4 -14 -4 -13 -4 -14 -4 -13 -4 -13 -3 -14 -3 -13 -2 -14 -2 -13 -2 -13 -2 -13 -1 -14 -2 -14 -1 -14 -2 -14 -1 -15 -1 -14 0 -14 -1 -14 -1 -14 0 -15 0 -15 0 -14 0 0 0 0 0 0 0 0 0 0 0 ],0,1,1
[84 -64 4 0 0 0 0 0 0 0 0 0 15 -3 16 -3 16 -2 16 -1 15 -1 16 -1 15 0 15 0 16 1 15 1 16 1 16 2 15 2 14 2 14 2 15 2 15 2 14 2 14 2 14 2 13 2 14 2 13 2 13 2 13 3 14 2 0 0 13 1 13 1 13 1 13 0 13 1 13 1 13 0 13 0 13 0 13 -1 13 -1 12 0 13 -1 13 -1 13 -2 13 -2 14 -1 14 -2 13 -2 13 -3 13 -3 13 -3 13 -3 14 -3 13 -3 14 -3 0 0 0 0 0 0 0 0 0 0 ],0,1,1
[84 -64 4 0 0 0 0 0 0 0 0 0 -17 -2 -17 -3 -17 -3 -17 -4 -16 -4 -16 -5 -16 -5 -16 -6 -16 -6 -15 -6 -16 -6 -16 -6 -15 -6 -15 -7 -15 -7 -15 -7 -14 -7 -14 -6 -13 -7 -13 -7 -13 -7 -14 -7 -13 -6 -13 -6 -13 -7 -14 -6 0 0 -14 -6 -13 -6 -14 -6 -13 -5 -13 -5 -13 -5 -13 -5 -13 -5 -14 -5 -14 -4 -14 -3 -13 -3 -14 -3 -14 -3 -14 -3 -14 -3 -14 -3 -14 -2 -15 -2 -14 -2 -15 -2 -14 -2 -14 -2 -15 -1 -15 -1 -15 -1 0 0 0 0 0 0 0 0 0 0 ],0,1,1
[84 -64 4 0 0 0 0 0 0 0 0 0 -4 17 -5 17 -5 17 -6 17 -6 16 -6 17 -7 16 -7 16 -7 16 -7 15 -8 16 -8 16 -8 15 -8 15 -8 14 -9 15 -8 14 -8 13 -8 14 -7 14 -8 14 -8 13 -7 13 -7 13 -8 13 -8 14 0 0 -7 14 -7 13 -7 14 -6 14 -6 13 -5 13 -6 14 -5 13 -5 14 -4 13 -4 14 -4 13 -4 14 -3 14 -3 14 -4 15 -3 14 -2 15 -2 15 -2 15 -2 15 -2 14 -1 15 -1 15 -2 15 -1 15 0 0 0 0 0 0 0 0 0 0 ],0,1,1
[84 -64 4 0 0 0 0 0 0 0 0 0 -16 -2 -17 -2 -17 -3 -18 -4 -16 -4 -17 -4 -16 -4 -16 -5 -16 -5 -15 -5 -16 -6 -16 -6 -15 -6 -15 -6 -15 -6 -15 -6 -15 -6 -14 -6 -14 -6 -14 -6 -14 -6 -14 -6 -13 -5 -13 -5 -13 -6 -14 -5 0 0 -14 -5 -13 -5 -14 -5 -13 -4 -13 -5 -13 -4 -13 -4 -13 -3 -14 -3 -13 -2 -14 -2 -13 -2 -14 -2 -14 -2 -14 -2 -15 -1 -14 -1 -15 -1 -15 -1 -14 0 -15 -1 -14 -1 -14 0 -15 0 -15 0 -15 0 0 0 0 0 0 0 0 0 0 0 ],0,1,1
[84 -64 4 0 0 0 0 0 0 0 0 0 15 3 16 4 15 4 16 5 15 5 15 5 15 6 14 5 15 6 13 6 14 7 14 7 13 7 13 7 13 7 13 7 13 7 12 6 12 7 12 7 12 6 12 6 11 6 12 6 12 6 12 6 0 0 12 6 12 6 12 6 12 5 12 5 12 5 12 5 12 4 12 4 12 3 13 3 12 3 12 3 13 3 12 3 13 2 13 2 13 2 13 2 13 1 13 2 13 1 13 1 14 1 14 1 14 1 0 0 0 0 0 0 0 0 0 0 ],0,1,1
[84 -64 4 0 0 0 0 0 0 0 0 0 5 15 4 16 4 16 3 17 3 15 3 16 1 16 1 16 1 16 1 15 2 16 1 16 1 16 0 16 0 15 -1 15 -1 15 -1 14 -1 15 -1 14 -1 14 -1 14 0 13 0 14 0 14 0 14 0 0 0 14 0 13 0 14 1 13 0 13 0 13 0 13 1 12 1 13 2 12 3 13 3 12 3 13 3 13 3 13 3 13 3 12 4 13 3 14 3 13 4 13 3 13 5 12 6 13 5 13 5 13 0 0 0 0 0 0 0 0 0 0 ],0,1,1
[84 -64 4 0 0 0 0 0 0 0 0 0 -15 8 -15 7 -15 7 -16 7 -15 5 -16 6 -16 5 -16 5 -16 4 -15 4 -16 4 -16 4 -16 3 -16 3 -16 3 -16 3 -16 3 -14 3 -15 2 -15 2 -15 2 -15 2 -14 2 -14 2 -14 2 -14 3 0 0 -14 3 -13 3 -14 3 -13 3 -13 3 -13 3 -14 3 -13 4 -13 4 -12 5 -13 5 -12 5 -12 5 -13 5 -13 5 -13 6 -12 6 -13 7 -13 6 -12 7 -13 7 -12 6 -12 6 -12 8 -12 7 -12 8 0 0 0 0 0 0 0 0 0 0 ],0,1,1
[84 -64 4 0 0 0 0 0 0 0 0 0 -7 4 -7 4 -7 3 -8 3 -7 3 -7 3 -7 3 -8 2 -8 2 -7 2 -8 2 -8 2 -7 2 -7 1 -7 2 -8 2 -7 2 -7 1 -7 2 -7 1 -7 1 -7 1 -7 1 -7 1 -7 1 -7 2 0 0 -7 2 -6 2 -6 2 -6 2 -6 2 -6 2 -6 2 -6 2 -6 2 -6 3 -6 3 -6 3 -6 3 -6 3 -6 3 -6 3 -6 3 -5 3 -6 4 -5 3 -5 4 -5 4 -5 4 -5 4 -5 4 -5 4 0 0 0 0 0 0 0 0 0 0 ],0,1,1
[84 -64 4 0 0 0 0 0 0 0 0 0 -7 -16 -6 -16 -6 -16 -5 -17 -5 -16 -5 -16 -4 -16 -4 -16 -3 -16 -3 -16 -3 -17 -3 -17 -3 -16 -2 -16 -2 -16 -2 -16 -1 -16 -1 -15 -1 -15 -1 -15 -1 -15 -1 -15 -1 -15 -2 -14 -2 -15 -2 -14 0 0 -2 -15 -2 -14 -2 -14 -2 -14 -2 -14 -2 -14 -3 -14 -3 -13 -3 -14 -4 -14 -4 -14 -4 -13 -4 -13 -4 -13 -4 -13 -5 -14 -4 -14 -5 -14 -5 -14 -5 -13 -5 -14 -5 -13 -6 -14 -6 -14 -6 -14 -6 -13 0 0 0 0 0 0 0 0 0 0 ],0,1,1
[84 -64 4 0 0 0 0 0 0 0 0 0 13 8 13 9 13 9 13 10 12 10 12 10 12 10 11 10 11 11 11 10 11 11 11 11 10 11 10 11 10 11 10 11 10 11 9 10 9 11 9 10 9 10 9 10 9 10 9 10 9 10 9 10 0 0 9 10 9 9 10 10 9 9 9 9 10 9 9 9 10 8 10 8 10 7 11 8 10 7 10 7 11 7 11 7 12 7 11 7 12 6 12 6 12 6 12 6 12 6 12 5 13 5 12 6 12 6 0 0 0 0 0 0 0 0 0 0 ],0,1,1
[84 -64 4 0 0 0 0 0 0 0 0 0 2 -9 2 -9 2 -8 3 -9 3 -8 3 -8 3 -8 3 -8 4 -8 3 -8 4 -8 4 -8 4 -7 4 -7 4 -7 4 -7 4 -7 4 -7 4 -7 4 -7 4 -7 3 -7 3 -6 4 -7 3 -7 3 -7 0 0 3 -7 3 -6 3 -7 3 -7 3 -7 3 -7 3 -7 2 -6 2 -7 2 -7 2 -7 2 -7 2 -7 1 -7 1 -7 1 -7 1 -7 1 -7 1 -7 1 -7 1 -8 1 -7 1 -7 0 -8 1 -8 0 -8 0 0 0 0 0 0 0 0 0 0 ],0,1,1
[84 -64 4 0 0 0 0 0 0 0 0 0 14 7 14 8 13 9 14 10 12 9 13 9 12 10 12 10 11 10 11 10 12 11 11 11 11 10 11 10 10 11 10 11 10 11 9 10 10 11 9 10 9 10 9 10 9 9 9 9 9 10 10 10 0 0 10 9 9 9 10 10 9 8 9 9 10 9 10 8 9 8 10 8 10 7 11 7 10 7 11 7 11 7 11 7 12 7 11 6 12 6 12 6 12 6 12 6 12 6 12 5 13 5 12 5 13 5 0 0 0 0 0 0 0 0 0 0 ],0,1,1
[84 -64 4 0 0 0 0 0 0 0 0 0 16 -2 16 -2 16 -1 16 0 16 0 16 0 16 1 16 1 16 1 15 2 16 2 16 2 15 2 15 2 14 2 15 3 15 2 14 2 14 2 14 2 14 2 13 2 13 2 13 2 13 2 14 1 0 0 14 1 13 1 14 1 13 0 12 1 13 0 13 0 13 -1 13 -1 13 -1 13 -1 12 -1 13 -1 13 -2 13 -2 13 -3 14 -3 13 -4 14 -3 13 -4 13 -4 13 -3 13 -4 13 -4 13 -4 13 -5 0 0 0 0 0 0 0 0 0 0 ],0,1,1
[82 -96 4 0 0 0 0 0 0 0 0 0 2 16 1 16 1 15 0 17 0 15 -1 16 -1 16 -1 16 -2 16 -2 15 -2 16 -2 16 -2 15 -3 15 -3 15 -3 15 -3 15 -3 14 -3 14 -3 14 -3 13 -3 13 -3 13 -3 13 -3 13 -3 14 0 0 -2 14 -2 13 -2 14 -2 13 -2 13 -2 13 -2 13 -1 12 -1 13 -1 12 0 13 0 12 0 13 0 13 0 13 1 14 1 13 2 14 1 14 1 13 1 14 1 13 2 13 3 13 2 13 2 14 0 0 0 0 0 0 0 0 0 0 ],0,1,1
[84 -64 4 0 0 0 0 0 0 0 0 0 -18 -6 -17 -7 -17 -8 -17 -8 -16 -8 -16 -9 -16 -9 -16 -9 -16 -10 -15 -10 -16 -10 -16 -10 -15 -10 -15 -10 -14 -10 -15 -11 -14 -10 -13 -10 -13 -10 -13 -10 -13 -10 -13 -10 -13 -9 -13 -9 -13 -10 -13 -9 0 0 -14 -9 -13 -9 -14 -9 -14 -8 -12 -8 -13 -8 -13 -8 -13 -7 -14 -8 -14 -6 -15 -7 -14 -6 -14 -6 -14 -6 -14 -6 -15 -6 -15 -5 -15 -5 -15 -5 -15 -5 -15 -5 -15 -5 -15 -5 -16 -4 -16 -4 -16 -4 0 0 0 0 0 0 0 0 0 0 ],0,1,1
[84 -64 4 0 0 0 0 0 0 0 0 0 -16 -9 -16 -9 -16 -10 -16 -10 -15 -11 -15 -10 -15 -11 -14 -11 -14 -11 -14 -12 -14 -13 -14 -13 -13 -12 -13 -12 -12 -12 -13 -13 -12 -12 -12 -12 -12 -12 -12 -12 -12 -12 -12 -12 -11 -11 -11 -11 -11 -12 -12 -11 0 0 -12 -11 -12 -10 -12 -11 -12 -10 -12 -10 -12 -10 -12 -10 -12 -9 -13 -9 -13 -8 -13 -9 -12 -8 -13 -8 -13 -8 -14 -8 -14 -8 -14 -8 -15 -7 -15 -7 -15 -7 -15 -7 -14 -7 -15 -7 -15 -7 -15 -7 -15 -6 0 0 0 0 0 0 0 0 0 0 ],0,1,1
[84 -64 4 0 0 0 0 0 0 0 0 0 17 1 18 1 17 2 18 3 17 3 17 4 17 4 16 5 16 5 16 5 17 5 16 6 16 6 16 6 15 6 15 6 16 6 14 6 14 6 14 6 14 6 14 6 13 5 14 5 14 6 14 5 0 0 14 5 13 5 15 5 14 4 13 4 14 4 14 5 13 3 14 4 13 2 14 2 13 2 14 2 15 2 14 2 15 2 14 1 15 1 15 1 15 1 15 1 14 1 14 1 16 0 15 0 15 0 0 0 0 0 0 0 0 0 0 0 ],0,1,1
[84 -64 4 0 0 0 0 0 0 0 0 0 3 -18 3 -19 4 -18 5 -18 5 -17 5 -18 5 -18 6 -17 6 -17 6 -16 7 -17 7 -17 7 -16 7 -16 7 -16 7 -16 7 -16 7 -15 7 -15 7 -15 6 -14 7 -15 6 -14 6 -14 7 -14 6 -15 0 0 6 -15 5 -14 6 -15 4 -15 5 -14 4 -14 4 -15 4 -14 4 -15 3 -15 3 -15 3 -14 3 -15 2 -15 2 -15 2 -16 2 -15 1 -16 1 -16 0 -16 1 -16 0 -15 0 -15 0 -16 1 -16 0 -16 0 0 0 0 0 0 0 0 0 0 ],0,1,1
[84 -64 4 0 0 0 0 0 0 0 0 0 16 -3 16 -3 16 -2 16 -2 16 -1 16 -1 16 0 15 0 16 1 15 1 16 1 16 1 16 2 15 2 14 2 15 2 15 2 14 2 14 2 14 2 13 2 14 2 13 2 13 2 13 2 14 2 0 0 13 1 13 1 14 1 13 0 13 1 13 1 13 1 13 0 13 0 13 -1 13 -1 12 0 13 -1 13 -1 13 -1 13 -2 13 -1 14 -2 14 -2 13 -3 13 -2 13 -2 13 -2 14 -3 13 -3 13 -3 0 0 0 0 0 0 0 0 0 0 ],0,1,1
[84 -64 4 0 0 0 0 0 0 0 0 0 8 13 8 14 7 14 7 15 6 14 6 15 6 15 5 14 5 15 5 14 5 15 5 15 4 15 4 14 4 14 3 15 3 15 3 13 3 14 3 13 3 13 3 13 3 13 3 13 3 13 4 13 0 0 4 13 3 12 4 13 4 12 4 12 4 12 4 12 5 12 5 12 5 11 5 12 5 11 6 11 6 12 6 11 6 12 6 11 7 11 7 11 7 10 7 11 7 11 7 11 8 11 8 11 8 11 0 0 0 0 0 0 0 0 0 0 ],0,1,1
[84 -64 4 0 0 0 0 0 0 0 0 0 0 -18 0 -19 1 -18 2 -19 2 -18 2 -19 3 -18 3 -18 3 -18 3 -17 4 -18 4 -18 4 -17 4 -17 5 -16 5 -17 5 -17 4 -16 4 -16 5 -16 4 -16 4 -16 4 -15 4 -15 4 -15 4 -16 0 0 3 -16 3 -15 3 -15 2 -15 2 -15 2 -15 2 -15 1 -15 1 -15 0 -15 1 -16 1 -15 0 -15 0 -15 0 -15 -1 -16 -1 -16 -1 -16 -1 -16 -2 -16 -2 -16 -2 -15 -2 -16 -3 -16 -3 -16 -3 -16 0 0 0 0 0 0 0 0 0 0 ],0,1,1
[84 -64 4 0 0 0 0 0 0 0 0 0 13 -13 14 -12 14 -11 14 -11 14 -11 14 -10 15 -10 14 -10 15 -9 14 -9 16 -9 16 -9 15 -8 15 -7 15 -7 16 -8 15 -7 14 -7 14 -7 14 -7 14 -7 14 -7 13 -7 13 -7 14 -7 14 -8 0 0 13 -8 13 -8 13 -8 12 -8 12 -7 12 -8 12 -8 11 -8 12 -9 11 -10 12 -10 11 -9 11 -10 11 -10 11 -10 11 -11 11 -10 10 -11 11 -12 10 -12 11 -12 10 -11 10 -12 10 -12 10 -12 10 -12 0 0 0 0 0 0 0 0 0 0 ],0,1,1
[84 -64 4 0 0 0 0 0 0 0 0 0 7 1 7 1 7 1 7 2 7 2 7 2 7 2 6 2 6 3 6 3 6 3 6 3 6 3 6 3 6 3 6 3 6 3 5 3 6 3 6 3 5 3 5 3 5 3 5 3 5 3 5 3 0 0 5 2 5 2 5 3 5 2 5 2 5 2 5 2 5 2 5 2 5 1 5 2 5 1 5 1 5 1 5 1 6 1 5 1 6 1 6 1 6 1 6 1 6 1 6 1 6 0 6 1 6 1 0 0 0 0 0 0 0 0 0 0 ],0,1,1
[84 -64 4 0 0 0 0 0 0 0 0 0 1 -18 1 -19 2 -18 3 -19 3 -17 4 -18 4 -18 4 -18 5 -18 4 -16 5 -18 5 -18 5 -17 5 -16 5 -16 6 -16 6 -16 5 -15 6 -16 6 -15 5 -15 5 -15 5 -14 5 -15 5 -15 5 -16 0 0 4 -15 4 -14 5 -15 4 -15 3 -14 3 -15 3 -15 2 -15 3 -15 1 -14 2 -16 2 -15 2 -15 1 -15 1 -15 1 -16 1 -15 0 -16 0 -16 -1 -16 0 -16 0 -16 -1 -15 -1 -16 -1 -16 -1 -17 0 0 0 0 0 0 0 0 0 0 ],0,1,1
[84 -64 4 0 0 0 0 0 0 0 0 0 13 -12 14 -12 13 -11 15 -11 14 -10 15 -11 15 -10 14 -10 15 -10 14 -9 16 -9 15 -9 15 -8 15 -8 14 -8 15 -8 15 -8 14 -8 14 -8 14 -7 14 -7 14 -8 13 -7 14 -7 14 -7 14 -8 0 0 13 -8 12 -8 13 -8 12 -9 12 -8 12 -9 12 -9 11 -9 12 -10 11 -10 11 -10 11 -9 11 -10 11 -11 10 -11 11 -12 10 -11 10 -12 10 -12 10 -12 10 -12 9 -12 9 -12 9 -13 10 -13 10 -13 0 0 0 0 0 0 0 0 0 0 ],0,1,1
[84 -64 4 0 0 0 0 0 0 0 0 0 -17 -8 -17 -8 -17 -9 -17 -9 -16 -10 -16 -10 -15 -10 -15 -10 -15 -11 -15 -11 -15 -11 -15 -12 -14 -12 -14 -12 -14 -12 -13 -12 -13 -12 -12 -11 -13 -11 -12 -11 -13 -11 -12 -11 -12 -10 -12 -11 -12 -11 -13 -10 0 0 -13 -10 -12 -9 -13 -10 -13 -9 -12 -10 -13 -9 -13 -9 -13 -8 -13 -8 -13 -7 -14 -8 -13 -7 -14 -8 -14 -7 -14 -7 -15 -7 -14 -7 -15 -6 -15 -6 -15 -6 -15 -6 -15 -6 -15 -6 -16 -5 -16 -6 -16 -5 0 0 0 0 0 0 0 0 0 0 ],0,1,1
[84 -64 4 0 0 0 0 0 0 0 0 0 -16 3 -17 2 -16 2 -17 1 -16 1 -17 0 -17 0 -16 0 -16 -1 -15 -1 -16 -1 -17 -1 -16 -1 -16 -2 -16 -2 -16 -2 -16 -2 -15 -2 -15 -2 -14 -2 -15 -2 -14 -2 -14 -2 -14 -2 -14 -2 -14 -1 0 0 -15 -1 -13 0 -14 0 -13 1 -14 0 -14 0 -14 1 -14 1 -14 1 -13 2 -14 2 -13 2 -13 2 -14 2 -13 2 -14 3 -13 3 -14 4 -14 4 -14 4 -14 4 -13 4 -13 4 -14 5 -14 5 -14 5 0 0 0 0 0 0 0 0 0 0 ],0,1,1
[84 -64 4 0 0 0 0 0 0 0 0 0 17 3 17 3 17 4 18 5 16 5 17 6 17 6 16 6 16 6 15 6 16 8 16 7 15 8 14 8 14 8 14 8 14 8 13 7 14 8 14 8 13 8 13 7 13 7 13 7 13 7 14 7 0 0 13 6 13 6 14 7 13 6 13 6 13 5 13 6 13 5 13 4 13 4 14 4 13 4 14 4 14 4 14 4 15 3 14 3 15 3 15 3 14 2 15 3 14 2 14 2 15 2 15 2 15 2 0 0 0 0 0 0 0 0 0 0 ],0,1,1